1
2    41.621436
3    18.047724    36.185017
4    30.021817    24.691644    23.839064
5    16.554823   34.020496     6.208849    20.644736
6    38.047913   14.332659    34.005720    30.288998    32.085124
7    30.851679    20.917730    20.952008    10.474156      19.184760      24.754864
8    49.379983   43.214779    47.100719      39.618122      45.992290    50.113661      41.207654
9    14.563109    31.020545   14.663112      20.693440     10.938199     28.056333    19.119588      47.048697
10  24.848530   26.108158    20.273682    6.549371         16.734286    29.903857     11.924584     42.048680    16.144614
11   29.334238   18.465444   23.634085    8.500016        20.830363   24.508864    9.068033     36.095063     19.217288     10.342334
12  22.893482   24.703846   20.186675     9.910558         17.275019     27.946010      14.159531     40.163578      16.505921     6.449034      10.387561
13  32.690369   33.539146   25.417764     12.757188        22.224754    37.256568     16.005144    42.156697      22.843906    15.634843     17.558267      20.305233
14  42.448918    32.213563   34.084953   16.365218       32.109701      41.657454     20.255644    34.813952     33.994612     21.006789     19.330544     24.120915     17.941590
15  27.189348     20.493740   19.207146    12.011300        16.362440     21.851088     6.107261        40.619487      14.991482     11.834205      8.961090      13.176571       16.932385      23.839085
16  46.450165    15.954397   41.084850    35.150484      39.212873     12.379022      28.442434    50.431473     34.817442      35.966427    28.789788     35.350279     40.157842 42.807043      26.501404  
17  47.218150     19.156303    42.258384    28.258812      39.696971     27.257923      28.964831    52.457086     38.836908 28.994715 26.874964 27.862574 39.459878 35.569798      29.805982      32.249749
18  66.013294    34.819854   61.760574     57.013411        60.325105     29.321506     50.853216    67.954982      56.019331      57.964166     50.900427    56.444247     62.463870       64.637755      49.036852      23.603647     46.123421
19  32.195628    24.790691    24.294134    5.051201         21.270858     30.443947     10.386381    43.075359      22.311453      8.033659      11.312785       12.203479      14.361582      17.071826       12.948940       35.288888     26.240050     56.892871
20  25.675252   20.727531    18.858357    11.005873       16.059123      24.051961      8.339680     38.277337       14.581673      10.302703     5.896250      11.005102       17.345279 22.282908    6.363470         28.741118     29.904652     51.258910     13.007432
21  15.439033   33.778222    9.924107       17.194065       8.041998       33.528965     17.732080    43.218611        11.504922      12.981533     18.367636     12.901536       20.004977 28.837183    15.929019         40.678226   38.987677     62.303962    18.872831     14.899666
22  39.722017   14.264120     32.032396   19.593611       30.039355    21.113580        13.973553    40.847136      27.069512      22.530284    14.083049    23.551998      23.739723 24.908054    14.997788       19.701881      29.010656    41.589042     20.374433    15.514851     29.461432
23  28.742797   33.251174      21.188740     17.402234      19.877540     37.069366      16.717167       8.018821        20.104451      17.831510       17.013759      20.702621      13.985636 20.510373    17.482562        39.391362    42.544815     62.279761      19.881574     14.575890    17.606908     23.104300
24  22.030579  30.353435   15.950262    11.094928      12.141822       31.568806      12.726203    43.346306     12.674225      7.833849       14.373009     11.660680      12.989976 23.630000    11.334939       37.332937    35.250792    59.674767      12.356784     11.842025    9.025217       24.607014      15.527966
