
=== MÉTODO: SINGLE ===

[Método: SINGLE] Paso 1
Clusters actuales:
A	B	C	E	F	G	H	I	J	K	L	M	N	O	P	Q	R	T	U	V	W	X	DS
Matriz de distancias:
∞	41.62	18.05	30.02	16.55	38.05	30.85	49.38	14.56	24.85	29.33	22.89	32.69	42.45	27.19	46.45	47.22	66.01	32.20	25.68	15.44	39.72	28.74	22.03
41.62	∞	36.19	24.69	34.02	14.33	20.92	43.21	31.02	26.11	18.47	24.70	33.54	32.21	20.49	15.95	19.16	34.82	24.79	20.73	33.78	14.26	33.25	30.35
18.05	36.19	∞	23.84	6.21	34.01	20.95	47.10	14.66	20.27	23.63	20.19	25.42	34.08	19.21	41.08	42.26	61.76	24.29	18.86	9.92	32.03	21.19	15.95
30.02	24.69	23.84	∞	20.64	30.29	10.47	39.62	20.69	6.55	8.50	9.91	12.76	16.37	12.01	35.15	28.26	57.01	5.05	11.01	17.19	19.59	17.40	11.09
16.55	34.02	6.21	20.64	∞	32.09	19.18	45.99	10.94	16.73	20.83	17.28	22.22	32.11	16.36	39.21	39.70	60.33	21.27	16.06	8.04	30.04	19.88	12.14
38.05	14.33	34.01	30.29	32.09	∞	24.75	50.11	28.06	29.90	24.51	27.95	37.26	41.66	21.85	12.38	27.26	29.32	30.44	24.05	33.53	21.11	37.07	31.57
30.85	20.92	20.95	10.47	19.18	24.75	∞	41.21	19.12	11.92	9.07	14.16	16.01	20.26	6.11	28.44	28.96	50.85	10.39	8.34	17.73	13.97	16.72	12.73
49.38	43.21	47.10	39.62	45.99	50.11	41.21	∞	47.05	42.05	36.10	40.16	42.16	34.81	40.62	50.43	52.46	67.95	43.08	38.28	43.22	40.85	8.02	43.35
14.56	31.02	14.66	20.69	10.94	28.06	19.12	47.05	∞	16.14	19.22	16.51	22.84	33.99	14.99	34.82	38.84	56.02	22.31	14.58	11.50	27.07	20.10	12.67
24.85	26.11	20.27	6.55	16.73	29.90	11.92	42.05	16.14	∞	10.34	6.45	15.63	21.01	11.83	35.97	28.99	57.96	8.03	10.30	12.98	22.53	17.83	7.83
29.33	18.47	23.63	8.50	20.83	24.51	9.07	36.10	19.22	10.34	∞	10.39	17.56	19.33	8.96	28.79	26.87	50.90	11.31	5.90	18.37	14.08	17.01	14.37
22.89	24.70	20.19	9.91	17.28	27.95	14.16	40.16	16.51	6.45	10.39	∞	20.31	24.12	13.18	35.35	27.86	56.44	12.20	11.01	12.90	23.55	20.70	11.66
32.69	33.54	25.42	12.76	22.22	37.26	16.01	42.16	22.84	15.63	17.56	20.31	∞	17.94	16.93	40.16	39.46	62.46	14.36	17.35	20.00	23.74	13.99	12.99
42.45	32.21	34.08	16.37	32.11	41.66	20.26	34.81	33.99	21.01	19.33	24.12	17.94	∞	23.84	42.81	35.57	64.64	17.07	22.28	28.84	24.91	20.51	23.63
27.19	20.49	19.21	12.01	16.36	21.85	6.11	40.62	14.99	11.83	8.96	13.18	16.93	23.84	∞	26.50	29.81	49.04	12.95	6.36	15.93	15.00	17.48	11.33
46.45	15.95	41.08	35.15	39.21	12.38	28.44	50.43	34.82	35.97	28.79	35.35	40.16	42.81	26.50	∞	32.25	23.60	35.29	28.74	40.68	19.70	39.39	37.33
47.22	19.16	42.26	28.26	39.70	27.26	28.96	52.46	38.84	28.99	26.87	27.86	39.46	35.57	29.81	32.25	∞	46.12	26.24	29.90	38.99	29.01	42.54	35.25
66.01	34.82	61.76	57.01	60.33	29.32	50.85	67.95	56.02	57.96	50.90	56.44	62.46	64.64	49.04	23.60	46.12	∞	56.89	51.26	62.30	41.59	62.28	59.67
32.20	24.79	24.29	5.05	21.27	30.44	10.39	43.08	22.31	8.03	11.31	12.20	14.36	17.07	12.95	35.29	26.24	56.89	∞	13.01	18.87	20.37	19.88	12.36
25.68	20.73	18.86	11.01	16.06	24.05	8.34	38.28	14.58	10.30	5.90	11.01	17.35	22.28	6.36	28.74	29.90	51.26	13.01	∞	14.90	15.51	14.58	11.84
15.44	33.78	9.92	17.19	8.04	33.53	17.73	43.22	11.50	12.98	18.37	12.90	20.00	28.84	15.93	40.68	38.99	62.30	18.87	14.90	∞	29.46	17.61	9.03
39.72	14.26	32.03	19.59	30.04	21.11	13.97	40.85	27.07	22.53	14.08	23.55	23.74	24.91	15.00	19.70	29.01	41.59	20.37	15.51	29.46	∞	23.10	24.61
28.74	33.25	21.19	17.40	19.88	37.07	16.72	8.02	20.10	17.83	17.01	20.70	13.99	20.51	17.48	39.39	42.54	62.28	19.88	14.58	17.61	23.10	∞	15.53
22.03	30.35	15.95	11.09	12.14	31.57	12.73	43.35	12.67	7.83	14.37	11.66	12.99	23.63	11.33	37.33	35.25	59.67	12.36	11.84	9.03	24.61	15.53	∞
Se unieron: D + S con distancia: 5.05

[Método: SINGLE] Paso 2
Clusters actuales:
A	B	C	E	F	G	H	I	J	L	M	N	O	P	Q	R	U	V	W	X	DS	KT
Matriz de distancias:
∞	41.62	18.05	16.55	38.05	30.85	49.38	14.56	24.85	29.33	22.89	32.69	42.45	27.19	46.45	47.22	66.01	25.68	15.44	39.72	28.74	22.03	30.02
41.62	∞	36.19	34.02	14.33	20.92	43.21	31.02	26.11	18.47	24.70	33.54	32.21	20.49	15.95	19.16	34.82	20.73	33.78	14.26	33.25	30.35	24.69
18.05	36.19	∞	6.21	34.01	20.95	47.10	14.66	20.27	23.63	20.19	25.42	34.08	19.21	41.08	42.26	61.76	18.86	9.92	32.03	21.19	15.95	23.84
16.55	34.02	6.21	∞	32.09	19.18	45.99	10.94	16.73	20.83	17.28	22.22	32.11	16.36	39.21	39.70	60.33	16.06	8.04	30.04	19.88	12.14	20.64
38.05	14.33	34.01	32.09	∞	24.75	50.11	28.06	29.90	24.51	27.95	37.26	41.66	21.85	12.38	27.26	29.32	24.05	33.53	21.11	37.07	31.57	30.29
30.85	20.92	20.95	19.18	24.75	∞	41.21	19.12	11.92	9.07	14.16	16.01	20.26	6.11	28.44	28.96	50.85	8.34	17.73	13.97	16.72	12.73	10.39
49.38	43.21	47.10	45.99	50.11	41.21	∞	47.05	42.05	36.10	40.16	42.16	34.81	40.62	50.43	52.46	67.95	38.28	43.22	40.85	8.02	43.35	39.62
14.56	31.02	14.66	10.94	28.06	19.12	47.05	∞	16.14	19.22	16.51	22.84	33.99	14.99	34.82	38.84	56.02	14.58	11.50	27.07	20.10	12.67	20.69
24.85	26.11	20.27	16.73	29.90	11.92	42.05	16.14	∞	10.34	6.45	15.63	21.01	11.83	35.97	28.99	57.96	10.30	12.98	22.53	17.83	7.83	6.55
29.33	18.47	23.63	20.83	24.51	9.07	36.10	19.22	10.34	∞	10.39	17.56	19.33	8.96	28.79	26.87	50.90	5.90	18.37	14.08	17.01	14.37	8.50
22.89	24.70	20.19	17.28	27.95	14.16	40.16	16.51	6.45	10.39	∞	20.31	24.12	13.18	35.35	27.86	56.44	11.01	12.90	23.55	20.70	11.66	9.91
32.69	33.54	25.42	22.22	37.26	16.01	42.16	22.84	15.63	17.56	20.31	∞	17.94	16.93	40.16	39.46	62.46	17.35	20.00	23.74	13.99	12.99	12.76
42.45	32.21	34.08	32.11	41.66	20.26	34.81	33.99	21.01	19.33	24.12	17.94	∞	23.84	42.81	35.57	64.64	22.28	28.84	24.91	20.51	23.63	16.37
27.19	20.49	19.21	16.36	21.85	6.11	40.62	14.99	11.83	8.96	13.18	16.93	23.84	∞	26.50	29.81	49.04	6.36	15.93	15.00	17.48	11.33	12.01
46.45	15.95	41.08	39.21	12.38	28.44	50.43	34.82	35.97	28.79	35.35	40.16	42.81	26.50	∞	32.25	23.60	28.74	40.68	19.70	39.39	37.33	35.15
47.22	19.16	42.26	39.70	27.26	28.96	52.46	38.84	28.99	26.87	27.86	39.46	35.57	29.81	32.25	∞	46.12	29.90	38.99	29.01	42.54	35.25	26.24
66.01	34.82	61.76	60.33	29.32	50.85	67.95	56.02	57.96	50.90	56.44	62.46	64.64	49.04	23.60	46.12	∞	51.26	62.30	41.59	62.28	59.67	56.89
25.68	20.73	18.86	16.06	24.05	8.34	38.28	14.58	10.30	5.90	11.01	17.35	22.28	6.36	28.74	29.90	51.26	∞	14.90	15.51	14.58	11.84	11.01
15.44	33.78	9.92	8.04	33.53	17.73	43.22	11.50	12.98	18.37	12.90	20.00	28.84	15.93	40.68	38.99	62.30	14.90	∞	29.46	17.61	9.03	17.19
39.72	14.26	32.03	30.04	21.11	13.97	40.85	27.07	22.53	14.08	23.55	23.74	24.91	15.00	19.70	29.01	41.59	15.51	29.46	∞	23.10	24.61	19.59
28.74	33.25	21.19	19.88	37.07	16.72	8.02	20.10	17.83	17.01	20.70	13.99	20.51	17.48	39.39	42.54	62.28	14.58	17.61	23.10	∞	15.53	17.40
22.03	30.35	15.95	12.14	31.57	12.73	43.35	12.67	7.83	14.37	11.66	12.99	23.63	11.33	37.33	35.25	59.67	11.84	9.03	24.61	15.53	∞	11.09
30.02	24.69	23.84	20.64	30.29	10.39	39.62	20.69	6.55	8.50	9.91	12.76	16.37	12.01	35.15	26.24	56.89	11.01	17.19	19.59	17.40	11.09	∞
Se unieron: K + T con distancia: 5.90

[Método: SINGLE] Paso 3
Clusters actuales:
A	B	C	E	F	H	I	J	L	M	N	P	Q	R	U	V	W	X	DS	KT	GO
Matriz de distancias:
∞	41.62	18.05	16.55	38.05	30.85	49.38	14.56	24.85	22.89	32.69	42.45	27.19	46.45	47.22	66.01	15.44	39.72	28.74	22.03	30.02	25.68
41.62	∞	36.19	34.02	14.33	20.92	43.21	31.02	26.11	24.70	33.54	32.21	20.49	15.95	19.16	34.82	33.78	14.26	33.25	30.35	24.69	18.47
18.05	36.19	∞	6.21	34.01	20.95	47.10	14.66	20.27	20.19	25.42	34.08	19.21	41.08	42.26	61.76	9.92	32.03	21.19	15.95	23.84	18.86
16.55	34.02	6.21	∞	32.09	19.18	45.99	10.94	16.73	17.28	22.22	32.11	16.36	39.21	39.70	60.33	8.04	30.04	19.88	12.14	20.64	16.06
38.05	14.33	34.01	32.09	∞	24.75	50.11	28.06	29.90	27.95	37.26	41.66	21.85	12.38	27.26	29.32	33.53	21.11	37.07	31.57	30.29	24.05
30.85	20.92	20.95	19.18	24.75	∞	41.21	19.12	11.92	14.16	16.01	20.26	6.11	28.44	28.96	50.85	17.73	13.97	16.72	12.73	10.39	8.34
49.38	43.21	47.10	45.99	50.11	41.21	∞	47.05	42.05	40.16	42.16	34.81	40.62	50.43	52.46	67.95	43.22	40.85	8.02	43.35	39.62	36.10
14.56	31.02	14.66	10.94	28.06	19.12	47.05	∞	16.14	16.51	22.84	33.99	14.99	34.82	38.84	56.02	11.50	27.07	20.10	12.67	20.69	14.58
24.85	26.11	20.27	16.73	29.90	11.92	42.05	16.14	∞	6.45	15.63	21.01	11.83	35.97	28.99	57.96	12.98	22.53	17.83	7.83	6.55	10.30
22.89	24.70	20.19	17.28	27.95	14.16	40.16	16.51	6.45	∞	20.31	24.12	13.18	35.35	27.86	56.44	12.90	23.55	20.70	11.66	9.91	10.39
32.69	33.54	25.42	22.22	37.26	16.01	42.16	22.84	15.63	20.31	∞	17.94	16.93	40.16	39.46	62.46	20.00	23.74	13.99	12.99	12.76	17.35
42.45	32.21	34.08	32.11	41.66	20.26	34.81	33.99	21.01	24.12	17.94	∞	23.84	42.81	35.57	64.64	28.84	24.91	20.51	23.63	16.37	19.33
27.19	20.49	19.21	16.36	21.85	6.11	40.62	14.99	11.83	13.18	16.93	23.84	∞	26.50	29.81	49.04	15.93	15.00	17.48	11.33	12.01	6.36
46.45	15.95	41.08	39.21	12.38	28.44	50.43	34.82	35.97	35.35	40.16	42.81	26.50	∞	32.25	23.60	40.68	19.70	39.39	37.33	35.15	28.74
47.22	19.16	42.26	39.70	27.26	28.96	52.46	38.84	28.99	27.86	39.46	35.57	29.81	32.25	∞	46.12	38.99	29.01	42.54	35.25	26.24	26.87
66.01	34.82	61.76	60.33	29.32	50.85	67.95	56.02	57.96	56.44	62.46	64.64	49.04	23.60	46.12	∞	62.30	41.59	62.28	59.67	56.89	50.90
15.44	33.78	9.92	8.04	33.53	17.73	43.22	11.50	12.98	12.90	20.00	28.84	15.93	40.68	38.99	62.30	∞	29.46	17.61	9.03	17.19	14.90
39.72	14.26	32.03	30.04	21.11	13.97	40.85	27.07	22.53	23.55	23.74	24.91	15.00	19.70	29.01	41.59	29.46	∞	23.10	24.61	19.59	14.08
28.74	33.25	21.19	19.88	37.07	16.72	8.02	20.10	17.83	20.70	13.99	20.51	17.48	39.39	42.54	62.28	17.61	23.10	∞	15.53	17.40	14.58
22.03	30.35	15.95	12.14	31.57	12.73	43.35	12.67	7.83	11.66	12.99	23.63	11.33	37.33	35.25	59.67	9.03	24.61	15.53	∞	11.09	11.84
30.02	24.69	23.84	20.64	30.29	10.39	39.62	20.69	6.55	9.91	12.76	16.37	12.01	35.15	26.24	56.89	17.19	19.59	17.40	11.09	∞	8.50
25.68	18.47	18.86	16.06	24.05	8.34	36.10	14.58	10.30	10.39	17.35	19.33	6.36	28.74	26.87	50.90	14.90	14.08	14.58	11.84	8.50	∞
Se unieron: G + O con distancia: 6.11

[Método: SINGLE] Paso 4
Clusters actuales:
A	B	F	H	I	J	L	M	N	P	Q	R	U	V	W	X	DS	KT	GO	CE
Matriz de distancias:
∞	41.62	18.05	16.55	38.05	49.38	14.56	24.85	22.89	32.69	42.45	46.45	47.22	66.01	15.44	39.72	28.74	22.03	30.02	25.68	27.19
41.62	∞	36.19	34.02	14.33	43.21	31.02	26.11	24.70	33.54	32.21	15.95	19.16	34.82	33.78	14.26	33.25	30.35	24.69	18.47	20.49
18.05	36.19	∞	6.21	34.01	47.10	14.66	20.27	20.19	25.42	34.08	41.08	42.26	61.76	9.92	32.03	21.19	15.95	23.84	18.86	19.21
16.55	34.02	6.21	∞	32.09	45.99	10.94	16.73	17.28	22.22	32.11	39.21	39.70	60.33	8.04	30.04	19.88	12.14	20.64	16.06	16.36
38.05	14.33	34.01	32.09	∞	50.11	28.06	29.90	27.95	37.26	41.66	12.38	27.26	29.32	33.53	21.11	37.07	31.57	30.29	24.05	21.85
49.38	43.21	47.10	45.99	50.11	∞	47.05	42.05	40.16	42.16	34.81	50.43	52.46	67.95	43.22	40.85	8.02	43.35	39.62	36.10	40.62
14.56	31.02	14.66	10.94	28.06	47.05	∞	16.14	16.51	22.84	33.99	34.82	38.84	56.02	11.50	27.07	20.10	12.67	20.69	14.58	14.99
24.85	26.11	20.27	16.73	29.90	42.05	16.14	∞	6.45	15.63	21.01	35.97	28.99	57.96	12.98	22.53	17.83	7.83	6.55	10.30	11.83
22.89	24.70	20.19	17.28	27.95	40.16	16.51	6.45	∞	20.31	24.12	35.35	27.86	56.44	12.90	23.55	20.70	11.66	9.91	10.39	13.18
32.69	33.54	25.42	22.22	37.26	42.16	22.84	15.63	20.31	∞	17.94	40.16	39.46	62.46	20.00	23.74	13.99	12.99	12.76	17.35	16.01
42.45	32.21	34.08	32.11	41.66	34.81	33.99	21.01	24.12	17.94	∞	42.81	35.57	64.64	28.84	24.91	20.51	23.63	16.37	19.33	20.26
46.45	15.95	41.08	39.21	12.38	50.43	34.82	35.97	35.35	40.16	42.81	∞	32.25	23.60	40.68	19.70	39.39	37.33	35.15	28.74	26.50
47.22	19.16	42.26	39.70	27.26	52.46	38.84	28.99	27.86	39.46	35.57	32.25	∞	46.12	38.99	29.01	42.54	35.25	26.24	26.87	28.96
66.01	34.82	61.76	60.33	29.32	67.95	56.02	57.96	56.44	62.46	64.64	23.60	46.12	∞	62.30	41.59	62.28	59.67	56.89	50.90	49.04
15.44	33.78	9.92	8.04	33.53	43.22	11.50	12.98	12.90	20.00	28.84	40.68	38.99	62.30	∞	29.46	17.61	9.03	17.19	14.90	15.93
39.72	14.26	32.03	30.04	21.11	40.85	27.07	22.53	23.55	23.74	24.91	19.70	29.01	41.59	29.46	∞	23.10	24.61	19.59	14.08	13.97
28.74	33.25	21.19	19.88	37.07	8.02	20.10	17.83	20.70	13.99	20.51	39.39	42.54	62.28	17.61	23.10	∞	15.53	17.40	14.58	16.72
22.03	30.35	15.95	12.14	31.57	43.35	12.67	7.83	11.66	12.99	23.63	37.33	35.25	59.67	9.03	24.61	15.53	∞	11.09	11.84	11.33
30.02	24.69	23.84	20.64	30.29	39.62	20.69	6.55	9.91	12.76	16.37	35.15	26.24	56.89	17.19	19.59	17.40	11.09	∞	8.50	10.39
25.68	18.47	18.86	16.06	24.05	36.10	14.58	10.30	10.39	17.35	19.33	28.74	26.87	50.90	14.90	14.08	14.58	11.84	8.50	∞	6.36
27.19	20.49	19.21	16.36	21.85	40.62	14.99	11.83	13.18	16.01	20.26	26.50	28.96	49.04	15.93	13.97	16.72	11.33	10.39	6.36	∞
Se unieron: C + E con distancia: 6.21

[Método: SINGLE] Paso 5
Clusters actuales:
A	B	F	H	I	J	L	M	N	P	Q	R	U	V	W	X	DS	CE	GKOT
Matriz de distancias:
∞	41.62	38.05	49.38	14.56	24.85	22.89	32.69	42.45	46.45	47.22	66.01	15.44	39.72	28.74	22.03	30.02	25.68	27.19	16.55
41.62	∞	14.33	43.21	31.02	26.11	24.70	33.54	32.21	15.95	19.16	34.82	33.78	14.26	33.25	30.35	24.69	18.47	20.49	34.02
38.05	14.33	∞	50.11	28.06	29.90	27.95	37.26	41.66	12.38	27.26	29.32	33.53	21.11	37.07	31.57	30.29	24.05	21.85	32.09
49.38	43.21	50.11	∞	47.05	42.05	40.16	42.16	34.81	50.43	52.46	67.95	43.22	40.85	8.02	43.35	39.62	36.10	40.62	45.99
14.56	31.02	28.06	47.05	∞	16.14	16.51	22.84	33.99	34.82	38.84	56.02	11.50	27.07	20.10	12.67	20.69	14.58	14.99	10.94
24.85	26.11	29.90	42.05	16.14	∞	6.45	15.63	21.01	35.97	28.99	57.96	12.98	22.53	17.83	7.83	6.55	10.30	11.83	16.73
22.89	24.70	27.95	40.16	16.51	6.45	∞	20.31	24.12	35.35	27.86	56.44	12.90	23.55	20.70	11.66	9.91	10.39	13.18	17.28
32.69	33.54	37.26	42.16	22.84	15.63	20.31	∞	17.94	40.16	39.46	62.46	20.00	23.74	13.99	12.99	12.76	17.35	16.01	22.22
42.45	32.21	41.66	34.81	33.99	21.01	24.12	17.94	∞	42.81	35.57	64.64	28.84	24.91	20.51	23.63	16.37	19.33	20.26	32.11
46.45	15.95	12.38	50.43	34.82	35.97	35.35	40.16	42.81	∞	32.25	23.60	40.68	19.70	39.39	37.33	35.15	28.74	26.50	39.21
47.22	19.16	27.26	52.46	38.84	28.99	27.86	39.46	35.57	32.25	∞	46.12	38.99	29.01	42.54	35.25	26.24	26.87	28.96	39.70
66.01	34.82	29.32	67.95	56.02	57.96	56.44	62.46	64.64	23.60	46.12	∞	62.30	41.59	62.28	59.67	56.89	50.90	49.04	60.33
15.44	33.78	33.53	43.22	11.50	12.98	12.90	20.00	28.84	40.68	38.99	62.30	∞	29.46	17.61	9.03	17.19	14.90	15.93	8.04
39.72	14.26	21.11	40.85	27.07	22.53	23.55	23.74	24.91	19.70	29.01	41.59	29.46	∞	23.10	24.61	19.59	14.08	13.97	30.04
28.74	33.25	37.07	8.02	20.10	17.83	20.70	13.99	20.51	39.39	42.54	62.28	17.61	23.10	∞	15.53	17.40	14.58	16.72	19.88
22.03	30.35	31.57	43.35	12.67	7.83	11.66	12.99	23.63	37.33	35.25	59.67	9.03	24.61	15.53	∞	11.09	11.84	11.33	12.14
30.02	24.69	30.29	39.62	20.69	6.55	9.91	12.76	16.37	35.15	26.24	56.89	17.19	19.59	17.40	11.09	∞	8.50	10.39	20.64
25.68	18.47	24.05	36.10	14.58	10.30	10.39	17.35	19.33	28.74	26.87	50.90	14.90	14.08	14.58	11.84	8.50	∞	6.36	16.06
27.19	20.49	21.85	40.62	14.99	11.83	13.18	16.01	20.26	26.50	28.96	49.04	15.93	13.97	16.72	11.33	10.39	6.36	∞	16.36
16.55	34.02	32.09	45.99	10.94	16.73	17.28	22.22	32.11	39.21	39.70	60.33	8.04	30.04	19.88	12.14	20.64	16.06	16.36	∞
Se unieron: C25 + C26 con distancia: 6.36

[Método: SINGLE] Paso 6
Clusters actuales:
A	B	F	H	I	M	N	P	Q	R	U	V	W	X	DS	CE	GKOT	JL
Matriz de distancias:
∞	41.62	38.05	49.38	14.56	24.85	22.89	32.69	42.45	46.45	47.22	66.01	15.44	39.72	28.74	22.03	30.02	16.55	25.68
41.62	∞	14.33	43.21	31.02	26.11	24.70	33.54	32.21	15.95	19.16	34.82	33.78	14.26	33.25	30.35	24.69	34.02	18.47
38.05	14.33	∞	50.11	28.06	29.90	27.95	37.26	41.66	12.38	27.26	29.32	33.53	21.11	37.07	31.57	30.29	32.09	21.85
49.38	43.21	50.11	∞	47.05	42.05	40.16	42.16	34.81	50.43	52.46	67.95	43.22	40.85	8.02	43.35	39.62	45.99	36.10
14.56	31.02	28.06	47.05	∞	16.14	16.51	22.84	33.99	34.82	38.84	56.02	11.50	27.07	20.10	12.67	20.69	10.94	14.58
24.85	26.11	29.90	42.05	16.14	∞	6.45	15.63	21.01	35.97	28.99	57.96	12.98	22.53	17.83	7.83	6.55	16.73	10.30
22.89	24.70	27.95	40.16	16.51	6.45	∞	20.31	24.12	35.35	27.86	56.44	12.90	23.55	20.70	11.66	9.91	17.28	10.39
32.69	33.54	37.26	42.16	22.84	15.63	20.31	∞	17.94	40.16	39.46	62.46	20.00	23.74	13.99	12.99	12.76	22.22	16.01
42.45	32.21	41.66	34.81	33.99	21.01	24.12	17.94	∞	42.81	35.57	64.64	28.84	24.91	20.51	23.63	16.37	32.11	19.33
46.45	15.95	12.38	50.43	34.82	35.97	35.35	40.16	42.81	∞	32.25	23.60	40.68	19.70	39.39	37.33	35.15	39.21	26.50
47.22	19.16	27.26	52.46	38.84	28.99	27.86	39.46	35.57	32.25	∞	46.12	38.99	29.01	42.54	35.25	26.24	39.70	26.87
66.01	34.82	29.32	67.95	56.02	57.96	56.44	62.46	64.64	23.60	46.12	∞	62.30	41.59	62.28	59.67	56.89	60.33	49.04
15.44	33.78	33.53	43.22	11.50	12.98	12.90	20.00	28.84	40.68	38.99	62.30	∞	29.46	17.61	9.03	17.19	8.04	14.90
39.72	14.26	21.11	40.85	27.07	22.53	23.55	23.74	24.91	19.70	29.01	41.59	29.46	∞	23.10	24.61	19.59	30.04	13.97
28.74	33.25	37.07	8.02	20.10	17.83	20.70	13.99	20.51	39.39	42.54	62.28	17.61	23.10	∞	15.53	17.40	19.88	14.58
22.03	30.35	31.57	43.35	12.67	7.83	11.66	12.99	23.63	37.33	35.25	59.67	9.03	24.61	15.53	∞	11.09	12.14	11.33
30.02	24.69	30.29	39.62	20.69	6.55	9.91	12.76	16.37	35.15	26.24	56.89	17.19	19.59	17.40	11.09	∞	20.64	8.50
16.55	34.02	32.09	45.99	10.94	16.73	17.28	22.22	32.11	39.21	39.70	60.33	8.04	30.04	19.88	12.14	20.64	∞	16.06
25.68	18.47	21.85	36.10	14.58	10.30	10.39	16.01	19.33	26.50	26.87	49.04	14.90	13.97	14.58	11.33	8.50	16.06	∞
Se unieron: J + L con distancia: 6.45

[Método: SINGLE] Paso 7
Clusters actuales:
A	B	F	H	I	M	N	P	Q	R	U	V	W	X	CE	GKOT	DJLS
Matriz de distancias:
∞	41.62	38.05	49.38	14.56	32.69	42.45	46.45	47.22	66.01	15.44	39.72	28.74	22.03	30.02	16.55	25.68	22.89
41.62	∞	14.33	43.21	31.02	33.54	32.21	15.95	19.16	34.82	33.78	14.26	33.25	30.35	24.69	34.02	18.47	24.70
38.05	14.33	∞	50.11	28.06	37.26	41.66	12.38	27.26	29.32	33.53	21.11	37.07	31.57	30.29	32.09	21.85	27.95
49.38	43.21	50.11	∞	47.05	42.16	34.81	50.43	52.46	67.95	43.22	40.85	8.02	43.35	39.62	45.99	36.10	40.16
14.56	31.02	28.06	47.05	∞	22.84	33.99	34.82	38.84	56.02	11.50	27.07	20.10	12.67	20.69	10.94	14.58	16.14
32.69	33.54	37.26	42.16	22.84	∞	17.94	40.16	39.46	62.46	20.00	23.74	13.99	12.99	12.76	22.22	16.01	15.63
42.45	32.21	41.66	34.81	33.99	17.94	∞	42.81	35.57	64.64	28.84	24.91	20.51	23.63	16.37	32.11	19.33	21.01
46.45	15.95	12.38	50.43	34.82	40.16	42.81	∞	32.25	23.60	40.68	19.70	39.39	37.33	35.15	39.21	26.50	35.35
47.22	19.16	27.26	52.46	38.84	39.46	35.57	32.25	∞	46.12	38.99	29.01	42.54	35.25	26.24	39.70	26.87	27.86
66.01	34.82	29.32	67.95	56.02	62.46	64.64	23.60	46.12	∞	62.30	41.59	62.28	59.67	56.89	60.33	49.04	56.44
15.44	33.78	33.53	43.22	11.50	20.00	28.84	40.68	38.99	62.30	∞	29.46	17.61	9.03	17.19	8.04	14.90	12.90
39.72	14.26	21.11	40.85	27.07	23.74	24.91	19.70	29.01	41.59	29.46	∞	23.10	24.61	19.59	30.04	13.97	22.53
28.74	33.25	37.07	8.02	20.10	13.99	20.51	39.39	42.54	62.28	17.61	23.10	∞	15.53	17.40	19.88	14.58	17.83
22.03	30.35	31.57	43.35	12.67	12.99	23.63	37.33	35.25	59.67	9.03	24.61	15.53	∞	11.09	12.14	11.33	7.83
30.02	24.69	30.29	39.62	20.69	12.76	16.37	35.15	26.24	56.89	17.19	19.59	17.40	11.09	∞	20.64	8.50	6.55
16.55	34.02	32.09	45.99	10.94	22.22	32.11	39.21	39.70	60.33	8.04	30.04	19.88	12.14	20.64	∞	16.06	16.73
25.68	18.47	21.85	36.10	14.58	16.01	19.33	26.50	26.87	49.04	14.90	13.97	14.58	11.33	8.50	16.06	∞	10.30
22.89	24.70	27.95	40.16	16.14	15.63	21.01	35.35	27.86	56.44	12.90	22.53	17.83	7.83	6.55	16.73	10.30	∞
Se unieron: C24 + C29 con distancia: 6.55

[Método: SINGLE] Paso 8
Clusters actuales:
A	B	F	H	I	M	N	P	Q	R	U	V	W	CE	GKOT	DJLSX
Matriz de distancias:
∞	41.62	38.05	49.38	14.56	32.69	42.45	46.45	47.22	66.01	15.44	39.72	28.74	22.03	16.55	25.68	22.89
41.62	∞	14.33	43.21	31.02	33.54	32.21	15.95	19.16	34.82	33.78	14.26	33.25	30.35	34.02	18.47	24.69
38.05	14.33	∞	50.11	28.06	37.26	41.66	12.38	27.26	29.32	33.53	21.11	37.07	31.57	32.09	21.85	27.95
49.38	43.21	50.11	∞	47.05	42.16	34.81	50.43	52.46	67.95	43.22	40.85	8.02	43.35	45.99	36.10	39.62
14.56	31.02	28.06	47.05	∞	22.84	33.99	34.82	38.84	56.02	11.50	27.07	20.10	12.67	10.94	14.58	16.14
32.69	33.54	37.26	42.16	22.84	∞	17.94	40.16	39.46	62.46	20.00	23.74	13.99	12.99	22.22	16.01	12.76
42.45	32.21	41.66	34.81	33.99	17.94	∞	42.81	35.57	64.64	28.84	24.91	20.51	23.63	32.11	19.33	16.37
46.45	15.95	12.38	50.43	34.82	40.16	42.81	∞	32.25	23.60	40.68	19.70	39.39	37.33	39.21	26.50	35.15
47.22	19.16	27.26	52.46	38.84	39.46	35.57	32.25	∞	46.12	38.99	29.01	42.54	35.25	39.70	26.87	26.24
66.01	34.82	29.32	67.95	56.02	62.46	64.64	23.60	46.12	∞	62.30	41.59	62.28	59.67	60.33	49.04	56.44
15.44	33.78	33.53	43.22	11.50	20.00	28.84	40.68	38.99	62.30	∞	29.46	17.61	9.03	8.04	14.90	12.90
39.72	14.26	21.11	40.85	27.07	23.74	24.91	19.70	29.01	41.59	29.46	∞	23.10	24.61	30.04	13.97	19.59
28.74	33.25	37.07	8.02	20.10	13.99	20.51	39.39	42.54	62.28	17.61	23.10	∞	15.53	19.88	14.58	17.40
22.03	30.35	31.57	43.35	12.67	12.99	23.63	37.33	35.25	59.67	9.03	24.61	15.53	∞	12.14	11.33	7.83
16.55	34.02	32.09	45.99	10.94	22.22	32.11	39.21	39.70	60.33	8.04	30.04	19.88	12.14	∞	16.06	16.73
25.68	18.47	21.85	36.10	14.58	16.01	19.33	26.50	26.87	49.04	14.90	13.97	14.58	11.33	16.06	∞	8.50
22.89	24.69	27.95	39.62	16.14	12.76	16.37	35.15	26.24	56.44	12.90	19.59	17.40	7.83	16.73	8.50	∞
Se unieron: X + C30 con distancia: 7.83

[Método: SINGLE] Paso 9
Clusters actuales:
A	B	F	I	M	N	P	Q	R	U	V	CE	GKOT	DJLSX	HW
Matriz de distancias:
∞	41.62	38.05	49.38	14.56	32.69	42.45	46.45	47.22	66.01	15.44	39.72	28.74	16.55	25.68	22.03
41.62	∞	14.33	43.21	31.02	33.54	32.21	15.95	19.16	34.82	33.78	14.26	33.25	34.02	18.47	24.69
38.05	14.33	∞	50.11	28.06	37.26	41.66	12.38	27.26	29.32	33.53	21.11	37.07	32.09	21.85	27.95
49.38	43.21	50.11	∞	47.05	42.16	34.81	50.43	52.46	67.95	43.22	40.85	8.02	45.99	36.10	39.62
14.56	31.02	28.06	47.05	∞	22.84	33.99	34.82	38.84	56.02	11.50	27.07	20.10	10.94	14.58	12.67
32.69	33.54	37.26	42.16	22.84	∞	17.94	40.16	39.46	62.46	20.00	23.74	13.99	22.22	16.01	12.76
42.45	32.21	41.66	34.81	33.99	17.94	∞	42.81	35.57	64.64	28.84	24.91	20.51	32.11	19.33	16.37
46.45	15.95	12.38	50.43	34.82	40.16	42.81	∞	32.25	23.60	40.68	19.70	39.39	39.21	26.50	35.15
47.22	19.16	27.26	52.46	38.84	39.46	35.57	32.25	∞	46.12	38.99	29.01	42.54	39.70	26.87	26.24
66.01	34.82	29.32	67.95	56.02	62.46	64.64	23.60	46.12	∞	62.30	41.59	62.28	60.33	49.04	56.44
15.44	33.78	33.53	43.22	11.50	20.00	28.84	40.68	38.99	62.30	∞	29.46	17.61	8.04	14.90	9.03
39.72	14.26	21.11	40.85	27.07	23.74	24.91	19.70	29.01	41.59	29.46	∞	23.10	30.04	13.97	19.59
28.74	33.25	37.07	8.02	20.10	13.99	20.51	39.39	42.54	62.28	17.61	23.10	∞	19.88	14.58	15.53
16.55	34.02	32.09	45.99	10.94	22.22	32.11	39.21	39.70	60.33	8.04	30.04	19.88	∞	16.06	12.14
25.68	18.47	21.85	36.10	14.58	16.01	19.33	26.50	26.87	49.04	14.90	13.97	14.58	16.06	∞	8.50
22.03	24.69	27.95	39.62	12.67	12.76	16.37	35.15	26.24	56.44	9.03	19.59	15.53	12.14	8.50	∞
Se unieron: H + W con distancia: 8.02

[Método: SINGLE] Paso 10
Clusters actuales:
A	B	F	I	M	N	P	Q	R	V	GKOT	DJLSX	HW	CEU
Matriz de distancias:
∞	41.62	38.05	14.56	32.69	42.45	46.45	47.22	66.01	15.44	39.72	16.55	25.68	22.03	28.74
41.62	∞	14.33	31.02	33.54	32.21	15.95	19.16	34.82	33.78	14.26	34.02	18.47	24.69	33.25
38.05	14.33	∞	28.06	37.26	41.66	12.38	27.26	29.32	33.53	21.11	32.09	21.85	27.95	37.07
14.56	31.02	28.06	∞	22.84	33.99	34.82	38.84	56.02	11.50	27.07	10.94	14.58	12.67	20.10
32.69	33.54	37.26	22.84	∞	17.94	40.16	39.46	62.46	20.00	23.74	22.22	16.01	12.76	13.99
42.45	32.21	41.66	33.99	17.94	∞	42.81	35.57	64.64	28.84	24.91	32.11	19.33	16.37	20.51
46.45	15.95	12.38	34.82	40.16	42.81	∞	32.25	23.60	40.68	19.70	39.21	26.50	35.15	39.39
47.22	19.16	27.26	38.84	39.46	35.57	32.25	∞	46.12	38.99	29.01	39.70	26.87	26.24	42.54
66.01	34.82	29.32	56.02	62.46	64.64	23.60	46.12	∞	62.30	41.59	60.33	49.04	56.44	62.28
15.44	33.78	33.53	11.50	20.00	28.84	40.68	38.99	62.30	∞	29.46	8.04	14.90	9.03	17.61
39.72	14.26	21.11	27.07	23.74	24.91	19.70	29.01	41.59	29.46	∞	30.04	13.97	19.59	23.10
16.55	34.02	32.09	10.94	22.22	32.11	39.21	39.70	60.33	8.04	30.04	∞	16.06	12.14	19.88
25.68	18.47	21.85	14.58	16.01	19.33	26.50	26.87	49.04	14.90	13.97	16.06	∞	8.50	14.58
22.03	24.69	27.95	12.67	12.76	16.37	35.15	26.24	56.44	9.03	19.59	12.14	8.50	∞	15.53
28.74	33.25	37.07	20.10	13.99	20.51	39.39	42.54	62.28	17.61	23.10	19.88	14.58	15.53	∞
Se unieron: U + C27 con distancia: 8.04

[Método: SINGLE] Paso 11
Clusters actuales:
A	B	F	I	M	N	P	Q	R	V	HW	CEU	DGJKLOSTX
Matriz de distancias:
∞	41.62	38.05	14.56	32.69	42.45	46.45	47.22	66.01	39.72	25.68	22.03	28.74	15.44
41.62	∞	14.33	31.02	33.54	32.21	15.95	19.16	34.82	14.26	18.47	24.69	33.25	33.78
38.05	14.33	∞	28.06	37.26	41.66	12.38	27.26	29.32	21.11	21.85	27.95	37.07	32.09
14.56	31.02	28.06	∞	22.84	33.99	34.82	38.84	56.02	27.07	14.58	12.67	20.10	10.94
32.69	33.54	37.26	22.84	∞	17.94	40.16	39.46	62.46	23.74	16.01	12.76	13.99	20.00
42.45	32.21	41.66	33.99	17.94	∞	42.81	35.57	64.64	24.91	19.33	16.37	20.51	28.84
46.45	15.95	12.38	34.82	40.16	42.81	∞	32.25	23.60	19.70	26.50	35.15	39.39	39.21
47.22	19.16	27.26	38.84	39.46	35.57	32.25	∞	46.12	29.01	26.87	26.24	42.54	38.99
66.01	34.82	29.32	56.02	62.46	64.64	23.60	46.12	∞	41.59	49.04	56.44	62.28	60.33
39.72	14.26	21.11	27.07	23.74	24.91	19.70	29.01	41.59	∞	13.97	19.59	23.10	29.46
25.68	18.47	21.85	14.58	16.01	19.33	26.50	26.87	49.04	13.97	∞	8.50	14.58	14.90
22.03	24.69	27.95	12.67	12.76	16.37	35.15	26.24	56.44	19.59	8.50	∞	15.53	9.03
28.74	33.25	37.07	20.10	13.99	20.51	39.39	42.54	62.28	23.10	14.58	15.53	∞	17.61
15.44	33.78	32.09	10.94	20.00	28.84	39.21	38.99	60.33	29.46	14.90	9.03	17.61	∞
Se unieron: C28 + C31 con distancia: 8.50

[Método: SINGLE] Paso 12
Clusters actuales:
A	B	F	I	M	N	P	Q	R	V	HW	CDEGJKLOSTUX
Matriz de distancias:
∞	41.62	38.05	14.56	32.69	42.45	46.45	47.22	66.01	39.72	28.74	15.44	22.03
41.62	∞	14.33	31.02	33.54	32.21	15.95	19.16	34.82	14.26	33.25	33.78	18.47
38.05	14.33	∞	28.06	37.26	41.66	12.38	27.26	29.32	21.11	37.07	32.09	21.85
14.56	31.02	28.06	∞	22.84	33.99	34.82	38.84	56.02	27.07	20.10	10.94	12.67
32.69	33.54	37.26	22.84	∞	17.94	40.16	39.46	62.46	23.74	13.99	20.00	12.76
42.45	32.21	41.66	33.99	17.94	∞	42.81	35.57	64.64	24.91	20.51	28.84	16.37
46.45	15.95	12.38	34.82	40.16	42.81	∞	32.25	23.60	19.70	39.39	39.21	26.50
47.22	19.16	27.26	38.84	39.46	35.57	32.25	∞	46.12	29.01	42.54	38.99	26.24
66.01	34.82	29.32	56.02	62.46	64.64	23.60	46.12	∞	41.59	62.28	60.33	49.04
39.72	14.26	21.11	27.07	23.74	24.91	19.70	29.01	41.59	∞	23.10	29.46	13.97
28.74	33.25	37.07	20.10	13.99	20.51	39.39	42.54	62.28	23.10	∞	17.61	14.58
15.44	33.78	32.09	10.94	20.00	28.84	39.21	38.99	60.33	29.46	17.61	∞	9.03
22.03	18.47	21.85	12.67	12.76	16.37	26.50	26.24	49.04	13.97	14.58	9.03	∞
Se unieron: C33 + C34 con distancia: 9.03

[Método: SINGLE] Paso 13
Clusters actuales:
A	B	F	M	N	P	Q	R	V	HW	CDEGIJKLOSTUX
Matriz de distancias:
∞	41.62	38.05	14.56	32.69	42.45	46.45	47.22	66.01	39.72	28.74	15.44
41.62	∞	14.33	31.02	33.54	32.21	15.95	19.16	34.82	14.26	33.25	18.47
38.05	14.33	∞	28.06	37.26	41.66	12.38	27.26	29.32	21.11	37.07	21.85
14.56	31.02	28.06	∞	22.84	33.99	34.82	38.84	56.02	27.07	20.10	10.94
32.69	33.54	37.26	22.84	∞	17.94	40.16	39.46	62.46	23.74	13.99	12.76
42.45	32.21	41.66	33.99	17.94	∞	42.81	35.57	64.64	24.91	20.51	16.37
46.45	15.95	12.38	34.82	40.16	42.81	∞	32.25	23.60	19.70	39.39	26.50
47.22	19.16	27.26	38.84	39.46	35.57	32.25	∞	46.12	29.01	42.54	26.24
66.01	34.82	29.32	56.02	62.46	64.64	23.60	46.12	∞	41.59	62.28	49.04
39.72	14.26	21.11	27.07	23.74	24.91	19.70	29.01	41.59	∞	23.10	13.97
28.74	33.25	37.07	20.10	13.99	20.51	39.39	42.54	62.28	23.10	∞	14.58
15.44	18.47	21.85	10.94	12.76	16.37	26.50	26.24	49.04	13.97	14.58	∞
Se unieron: I + C35 con distancia: 10.94

[Método: SINGLE] Paso 14
Clusters actuales:
A	B	M	N	Q	R	V	HW	CDEGIJKLOSTUX	FP
Matriz de distancias:
∞	41.62	38.05	32.69	42.45	46.45	47.22	66.01	39.72	28.74	14.56
41.62	∞	14.33	33.54	32.21	15.95	19.16	34.82	14.26	33.25	18.47
38.05	14.33	∞	37.26	41.66	12.38	27.26	29.32	21.11	37.07	21.85
32.69	33.54	37.26	∞	17.94	40.16	39.46	62.46	23.74	13.99	12.76
42.45	32.21	41.66	17.94	∞	42.81	35.57	64.64	24.91	20.51	16.37
46.45	15.95	12.38	40.16	42.81	∞	32.25	23.60	19.70	39.39	26.50
47.22	19.16	27.26	39.46	35.57	32.25	∞	46.12	29.01	42.54	26.24
66.01	34.82	29.32	62.46	64.64	23.60	46.12	∞	41.59	62.28	49.04
39.72	14.26	21.11	23.74	24.91	19.70	29.01	41.59	∞	23.10	13.97
28.74	33.25	37.07	13.99	20.51	39.39	42.54	62.28	23.10	∞	14.58
14.56	18.47	21.85	12.76	16.37	26.50	26.24	49.04	13.97	14.58	∞
Se unieron: F + P con distancia: 12.38

[Método: SINGLE] Paso 15
Clusters actuales:
A	B	N	Q	R	V	HW	FP	CDEGIJKLMOSTUX
Matriz de distancias:
∞	41.62	32.69	42.45	47.22	66.01	39.72	28.74	14.56	38.05
41.62	∞	33.54	32.21	19.16	34.82	14.26	33.25	18.47	14.33
32.69	33.54	∞	17.94	39.46	62.46	23.74	13.99	12.76	37.26
42.45	32.21	17.94	∞	35.57	64.64	24.91	20.51	16.37	41.66
47.22	19.16	39.46	35.57	∞	46.12	29.01	42.54	26.24	27.26
66.01	34.82	62.46	64.64	46.12	∞	41.59	62.28	49.04	23.60
39.72	14.26	23.74	24.91	29.01	41.59	∞	23.10	13.97	19.70
28.74	33.25	13.99	20.51	42.54	62.28	23.10	∞	14.58	37.07
14.56	18.47	12.76	16.37	26.24	49.04	13.97	14.58	∞	21.85
38.05	14.33	37.26	41.66	27.26	23.60	19.70	37.07	21.85	∞
Se unieron: M + C36 con distancia: 12.76

[Método: SINGLE] Paso 16
Clusters actuales:
A	B	N	Q	R	HW	FP	CDEGIJKLMOSTUVX
Matriz de distancias:
∞	41.62	42.45	47.22	66.01	39.72	28.74	38.05	14.56
41.62	∞	32.21	19.16	34.82	14.26	33.25	14.33	18.47
42.45	32.21	∞	35.57	64.64	24.91	20.51	41.66	16.37
47.22	19.16	35.57	∞	46.12	29.01	42.54	27.26	26.24
66.01	34.82	64.64	46.12	∞	41.59	62.28	23.60	49.04
39.72	14.26	24.91	29.01	41.59	∞	23.10	19.70	13.97
28.74	33.25	20.51	42.54	62.28	23.10	∞	37.07	13.99
38.05	14.33	41.66	27.26	23.60	19.70	37.07	∞	21.85
14.56	18.47	16.37	26.24	49.04	13.97	13.99	21.85	∞
Se unieron: V + C38 con distancia: 13.97

[Método: SINGLE] Paso 17
Clusters actuales:
A	B	N	Q	R	FP	CDEGHIJKLMOSTUVWX
Matriz de distancias:
∞	41.62	42.45	47.22	66.01	28.74	38.05	14.56
41.62	∞	32.21	19.16	34.82	33.25	14.33	14.26
42.45	32.21	∞	35.57	64.64	20.51	41.66	16.37
47.22	19.16	35.57	∞	46.12	42.54	27.26	26.24
66.01	34.82	64.64	46.12	∞	62.28	23.60	41.59
28.74	33.25	20.51	42.54	62.28	∞	37.07	13.99
38.05	14.33	41.66	27.26	23.60	37.07	∞	19.70
14.56	14.26	16.37	26.24	41.59	13.99	19.70	∞
Se unieron: C32 + C39 con distancia: 13.99

[Método: SINGLE] Paso 18
Clusters actuales:
A	N	Q	R	FP	BCDEGHIJKLMOSTUVWX
Matriz de distancias:
∞	41.62	42.45	47.22	66.01	38.05	14.56
41.62	∞	32.21	19.16	34.82	14.33	14.26
42.45	32.21	∞	35.57	64.64	41.66	16.37
47.22	19.16	35.57	∞	46.12	27.26	26.24
66.01	34.82	64.64	46.12	∞	23.60	41.59
38.05	14.33	41.66	27.26	23.60	∞	19.70
14.56	14.26	16.37	26.24	41.59	19.70	∞
Se unieron: B + C40 con distancia: 14.26

[Método: SINGLE] Paso 19
Clusters actuales:
A	N	Q	R	BCDEFGHIJKLMOPSTUVWX
Matriz de distancias:
∞	42.45	47.22	66.01	38.05	14.56
42.45	∞	35.57	64.64	41.66	16.37
47.22	35.57	∞	46.12	27.26	19.16
66.01	64.64	46.12	∞	23.60	34.82
38.05	41.66	27.26	23.60	∞	14.33
14.56	16.37	19.16	34.82	14.33	∞
Se unieron: C37 + C41 con distancia: 14.33

[Método: SINGLE] Paso 20
Clusters actuales:
N	Q	R	ABCDEFGHIJKLMOPSTUVWX
Matriz de distancias:
∞	42.45	47.22	66.01	14.56
42.45	∞	35.57	64.64	16.37
47.22	35.57	∞	46.12	19.16
66.01	64.64	46.12	∞	23.60
14.56	16.37	19.16	23.60	∞
Se unieron: A + C42 con distancia: 14.56

[Método: SINGLE] Paso 21
Clusters actuales:
Q	R	ABCDEFGHIJKLMNOPSTUVWX
Matriz de distancias:
∞	35.57	64.64	16.37
35.57	∞	46.12	19.16
64.64	46.12	∞	23.60
16.37	19.16	23.60	∞
Se unieron: N + C43 con distancia: 16.37

[Método: SINGLE] Paso 22
Clusters actuales:
R	ABCDEFGHIJKLMNOPQSTUVWX
Matriz de distancias:
∞	46.12	19.16
46.12	∞	23.60
19.16	23.60	∞
Se unieron: Q + C44 con distancia: 19.16

[Método: SINGLE] Paso 23
Clusters actuales:
ABCDEFGHIJKLMNOPQRSTUVWX
Matriz de distancias:
∞	23.60
23.60	∞
Se unieron: R + C45 con distancia: 23.60

=== MÉTODO: COMPLETE ===

[Método: COMPLETE] Paso 1
Clusters actuales:
A	B	C	E	F	G	H	I	J	K	L	M	N	O	P	Q	R	T	U	V	W	X	DS
Matriz de distancias:
∞	41.62	18.05	30.02	16.55	38.05	30.85	49.38	14.56	24.85	29.33	22.89	32.69	42.45	27.19	46.45	47.22	66.01	32.20	25.68	15.44	39.72	28.74	22.03
41.62	∞	36.19	24.69	34.02	14.33	20.92	43.21	31.02	26.11	18.47	24.70	33.54	32.21	20.49	15.95	19.16	34.82	24.79	20.73	33.78	14.26	33.25	30.35
18.05	36.19	∞	23.84	6.21	34.01	20.95	47.10	14.66	20.27	23.63	20.19	25.42	34.08	19.21	41.08	42.26	61.76	24.29	18.86	9.92	32.03	21.19	15.95
30.02	24.69	23.84	∞	20.64	30.29	10.47	39.62	20.69	6.55	8.50	9.91	12.76	16.37	12.01	35.15	28.26	57.01	5.05	11.01	17.19	19.59	17.40	11.09
16.55	34.02	6.21	20.64	∞	32.09	19.18	45.99	10.94	16.73	20.83	17.28	22.22	32.11	16.36	39.21	39.70	60.33	21.27	16.06	8.04	30.04	19.88	12.14
38.05	14.33	34.01	30.29	32.09	∞	24.75	50.11	28.06	29.90	24.51	27.95	37.26	41.66	21.85	12.38	27.26	29.32	30.44	24.05	33.53	21.11	37.07	31.57
30.85	20.92	20.95	10.47	19.18	24.75	∞	41.21	19.12	11.92	9.07	14.16	16.01	20.26	6.11	28.44	28.96	50.85	10.39	8.34	17.73	13.97	16.72	12.73
49.38	43.21	47.10	39.62	45.99	50.11	41.21	∞	47.05	42.05	36.10	40.16	42.16	34.81	40.62	50.43	52.46	67.95	43.08	38.28	43.22	40.85	8.02	43.35
14.56	31.02	14.66	20.69	10.94	28.06	19.12	47.05	∞	16.14	19.22	16.51	22.84	33.99	14.99	34.82	38.84	56.02	22.31	14.58	11.50	27.07	20.10	12.67
24.85	26.11	20.27	6.55	16.73	29.90	11.92	42.05	16.14	∞	10.34	6.45	15.63	21.01	11.83	35.97	28.99	57.96	8.03	10.30	12.98	22.53	17.83	7.83
29.33	18.47	23.63	8.50	20.83	24.51	9.07	36.10	19.22	10.34	∞	10.39	17.56	19.33	8.96	28.79	26.87	50.90	11.31	5.90	18.37	14.08	17.01	14.37
22.89	24.70	20.19	9.91	17.28	27.95	14.16	40.16	16.51	6.45	10.39	∞	20.31	24.12	13.18	35.35	27.86	56.44	12.20	11.01	12.90	23.55	20.70	11.66
32.69	33.54	25.42	12.76	22.22	37.26	16.01	42.16	22.84	15.63	17.56	20.31	∞	17.94	16.93	40.16	39.46	62.46	14.36	17.35	20.00	23.74	13.99	12.99
42.45	32.21	34.08	16.37	32.11	41.66	20.26	34.81	33.99	21.01	19.33	24.12	17.94	∞	23.84	42.81	35.57	64.64	17.07	22.28	28.84	24.91	20.51	23.63
27.19	20.49	19.21	12.01	16.36	21.85	6.11	40.62	14.99	11.83	8.96	13.18	16.93	23.84	∞	26.50	29.81	49.04	12.95	6.36	15.93	15.00	17.48	11.33
46.45	15.95	41.08	35.15	39.21	12.38	28.44	50.43	34.82	35.97	28.79	35.35	40.16	42.81	26.50	∞	32.25	23.60	35.29	28.74	40.68	19.70	39.39	37.33
47.22	19.16	42.26	28.26	39.70	27.26	28.96	52.46	38.84	28.99	26.87	27.86	39.46	35.57	29.81	32.25	∞	46.12	26.24	29.90	38.99	29.01	42.54	35.25
66.01	34.82	61.76	57.01	60.33	29.32	50.85	67.95	56.02	57.96	50.90	56.44	62.46	64.64	49.04	23.60	46.12	∞	56.89	51.26	62.30	41.59	62.28	59.67
32.20	24.79	24.29	5.05	21.27	30.44	10.39	43.08	22.31	8.03	11.31	12.20	14.36	17.07	12.95	35.29	26.24	56.89	∞	13.01	18.87	20.37	19.88	12.36
25.68	20.73	18.86	11.01	16.06	24.05	8.34	38.28	14.58	10.30	5.90	11.01	17.35	22.28	6.36	28.74	29.90	51.26	13.01	∞	14.90	15.51	14.58	11.84
15.44	33.78	9.92	17.19	8.04	33.53	17.73	43.22	11.50	12.98	18.37	12.90	20.00	28.84	15.93	40.68	38.99	62.30	18.87	14.90	∞	29.46	17.61	9.03
39.72	14.26	32.03	19.59	30.04	21.11	13.97	40.85	27.07	22.53	14.08	23.55	23.74	24.91	15.00	19.70	29.01	41.59	20.37	15.51	29.46	∞	23.10	24.61
28.74	33.25	21.19	17.40	19.88	37.07	16.72	8.02	20.10	17.83	17.01	20.70	13.99	20.51	17.48	39.39	42.54	62.28	19.88	14.58	17.61	23.10	∞	15.53
22.03	30.35	15.95	11.09	12.14	31.57	12.73	43.35	12.67	7.83	14.37	11.66	12.99	23.63	11.33	37.33	35.25	59.67	12.36	11.84	9.03	24.61	15.53	∞
Se unieron: D + S con distancia: 5.05

[Método: COMPLETE] Paso 2
Clusters actuales:
A	B	C	E	F	G	H	I	J	L	M	N	O	P	Q	R	U	V	W	X	DS	KT
Matriz de distancias:
∞	41.62	18.05	16.55	38.05	30.85	49.38	14.56	24.85	29.33	22.89	32.69	42.45	27.19	46.45	47.22	66.01	25.68	15.44	39.72	28.74	22.03	32.20
41.62	∞	36.19	34.02	14.33	20.92	43.21	31.02	26.11	18.47	24.70	33.54	32.21	20.49	15.95	19.16	34.82	20.73	33.78	14.26	33.25	30.35	24.79
18.05	36.19	∞	6.21	34.01	20.95	47.10	14.66	20.27	23.63	20.19	25.42	34.08	19.21	41.08	42.26	61.76	18.86	9.92	32.03	21.19	15.95	24.29
16.55	34.02	6.21	∞	32.09	19.18	45.99	10.94	16.73	20.83	17.28	22.22	32.11	16.36	39.21	39.70	60.33	16.06	8.04	30.04	19.88	12.14	21.27
38.05	14.33	34.01	32.09	∞	24.75	50.11	28.06	29.90	24.51	27.95	37.26	41.66	21.85	12.38	27.26	29.32	24.05	33.53	21.11	37.07	31.57	30.44
30.85	20.92	20.95	19.18	24.75	∞	41.21	19.12	11.92	9.07	14.16	16.01	20.26	6.11	28.44	28.96	50.85	8.34	17.73	13.97	16.72	12.73	10.47
49.38	43.21	47.10	45.99	50.11	41.21	∞	47.05	42.05	36.10	40.16	42.16	34.81	40.62	50.43	52.46	67.95	38.28	43.22	40.85	8.02	43.35	43.08
14.56	31.02	14.66	10.94	28.06	19.12	47.05	∞	16.14	19.22	16.51	22.84	33.99	14.99	34.82	38.84	56.02	14.58	11.50	27.07	20.10	12.67	22.31
24.85	26.11	20.27	16.73	29.90	11.92	42.05	16.14	∞	10.34	6.45	15.63	21.01	11.83	35.97	28.99	57.96	10.30	12.98	22.53	17.83	7.83	8.03
29.33	18.47	23.63	20.83	24.51	9.07	36.10	19.22	10.34	∞	10.39	17.56	19.33	8.96	28.79	26.87	50.90	5.90	18.37	14.08	17.01	14.37	11.31
22.89	24.70	20.19	17.28	27.95	14.16	40.16	16.51	6.45	10.39	∞	20.31	24.12	13.18	35.35	27.86	56.44	11.01	12.90	23.55	20.70	11.66	12.20
32.69	33.54	25.42	22.22	37.26	16.01	42.16	22.84	15.63	17.56	20.31	∞	17.94	16.93	40.16	39.46	62.46	17.35	20.00	23.74	13.99	12.99	14.36
42.45	32.21	34.08	32.11	41.66	20.26	34.81	33.99	21.01	19.33	24.12	17.94	∞	23.84	42.81	35.57	64.64	22.28	28.84	24.91	20.51	23.63	17.07
27.19	20.49	19.21	16.36	21.85	6.11	40.62	14.99	11.83	8.96	13.18	16.93	23.84	∞	26.50	29.81	49.04	6.36	15.93	15.00	17.48	11.33	12.95
46.45	15.95	41.08	39.21	12.38	28.44	50.43	34.82	35.97	28.79	35.35	40.16	42.81	26.50	∞	32.25	23.60	28.74	40.68	19.70	39.39	37.33	35.29
47.22	19.16	42.26	39.70	27.26	28.96	52.46	38.84	28.99	26.87	27.86	39.46	35.57	29.81	32.25	∞	46.12	29.90	38.99	29.01	42.54	35.25	28.26
66.01	34.82	61.76	60.33	29.32	50.85	67.95	56.02	57.96	50.90	56.44	62.46	64.64	49.04	23.60	46.12	∞	51.26	62.30	41.59	62.28	59.67	57.01
25.68	20.73	18.86	16.06	24.05	8.34	38.28	14.58	10.30	5.90	11.01	17.35	22.28	6.36	28.74	29.90	51.26	∞	14.90	15.51	14.58	11.84	13.01
15.44	33.78	9.92	8.04	33.53	17.73	43.22	11.50	12.98	18.37	12.90	20.00	28.84	15.93	40.68	38.99	62.30	14.90	∞	29.46	17.61	9.03	18.87
39.72	14.26	32.03	30.04	21.11	13.97	40.85	27.07	22.53	14.08	23.55	23.74	24.91	15.00	19.70	29.01	41.59	15.51	29.46	∞	23.10	24.61	20.37
28.74	33.25	21.19	19.88	37.07	16.72	8.02	20.10	17.83	17.01	20.70	13.99	20.51	17.48	39.39	42.54	62.28	14.58	17.61	23.10	∞	15.53	19.88
22.03	30.35	15.95	12.14	31.57	12.73	43.35	12.67	7.83	14.37	11.66	12.99	23.63	11.33	37.33	35.25	59.67	11.84	9.03	24.61	15.53	∞	12.36
32.20	24.79	24.29	21.27	30.44	10.47	43.08	22.31	8.03	11.31	12.20	14.36	17.07	12.95	35.29	28.26	57.01	13.01	18.87	20.37	19.88	12.36	∞
Se unieron: K + T con distancia: 5.90

[Método: COMPLETE] Paso 3
Clusters actuales:
A	B	C	E	F	H	I	J	L	M	N	P	Q	R	U	V	W	X	DS	KT	GO
Matriz de distancias:
∞	41.62	18.05	16.55	38.05	30.85	49.38	14.56	24.85	22.89	32.69	42.45	27.19	46.45	47.22	66.01	15.44	39.72	28.74	22.03	32.20	29.33
41.62	∞	36.19	34.02	14.33	20.92	43.21	31.02	26.11	24.70	33.54	32.21	20.49	15.95	19.16	34.82	33.78	14.26	33.25	30.35	24.79	20.73
18.05	36.19	∞	6.21	34.01	20.95	47.10	14.66	20.27	20.19	25.42	34.08	19.21	41.08	42.26	61.76	9.92	32.03	21.19	15.95	24.29	23.63
16.55	34.02	6.21	∞	32.09	19.18	45.99	10.94	16.73	17.28	22.22	32.11	16.36	39.21	39.70	60.33	8.04	30.04	19.88	12.14	21.27	20.83
38.05	14.33	34.01	32.09	∞	24.75	50.11	28.06	29.90	27.95	37.26	41.66	21.85	12.38	27.26	29.32	33.53	21.11	37.07	31.57	30.44	24.51
30.85	20.92	20.95	19.18	24.75	∞	41.21	19.12	11.92	14.16	16.01	20.26	6.11	28.44	28.96	50.85	17.73	13.97	16.72	12.73	10.47	9.07
49.38	43.21	47.10	45.99	50.11	41.21	∞	47.05	42.05	40.16	42.16	34.81	40.62	50.43	52.46	67.95	43.22	40.85	8.02	43.35	43.08	38.28
14.56	31.02	14.66	10.94	28.06	19.12	47.05	∞	16.14	16.51	22.84	33.99	14.99	34.82	38.84	56.02	11.50	27.07	20.10	12.67	22.31	19.22
24.85	26.11	20.27	16.73	29.90	11.92	42.05	16.14	∞	6.45	15.63	21.01	11.83	35.97	28.99	57.96	12.98	22.53	17.83	7.83	8.03	10.34
22.89	24.70	20.19	17.28	27.95	14.16	40.16	16.51	6.45	∞	20.31	24.12	13.18	35.35	27.86	56.44	12.90	23.55	20.70	11.66	12.20	11.01
32.69	33.54	25.42	22.22	37.26	16.01	42.16	22.84	15.63	20.31	∞	17.94	16.93	40.16	39.46	62.46	20.00	23.74	13.99	12.99	14.36	17.56
42.45	32.21	34.08	32.11	41.66	20.26	34.81	33.99	21.01	24.12	17.94	∞	23.84	42.81	35.57	64.64	28.84	24.91	20.51	23.63	17.07	22.28
27.19	20.49	19.21	16.36	21.85	6.11	40.62	14.99	11.83	13.18	16.93	23.84	∞	26.50	29.81	49.04	15.93	15.00	17.48	11.33	12.95	8.96
46.45	15.95	41.08	39.21	12.38	28.44	50.43	34.82	35.97	35.35	40.16	42.81	26.50	∞	32.25	23.60	40.68	19.70	39.39	37.33	35.29	28.79
47.22	19.16	42.26	39.70	27.26	28.96	52.46	38.84	28.99	27.86	39.46	35.57	29.81	32.25	∞	46.12	38.99	29.01	42.54	35.25	28.26	29.90
66.01	34.82	61.76	60.33	29.32	50.85	67.95	56.02	57.96	56.44	62.46	64.64	49.04	23.60	46.12	∞	62.30	41.59	62.28	59.67	57.01	51.26
15.44	33.78	9.92	8.04	33.53	17.73	43.22	11.50	12.98	12.90	20.00	28.84	15.93	40.68	38.99	62.30	∞	29.46	17.61	9.03	18.87	18.37
39.72	14.26	32.03	30.04	21.11	13.97	40.85	27.07	22.53	23.55	23.74	24.91	15.00	19.70	29.01	41.59	29.46	∞	23.10	24.61	20.37	15.51
28.74	33.25	21.19	19.88	37.07	16.72	8.02	20.10	17.83	20.70	13.99	20.51	17.48	39.39	42.54	62.28	17.61	23.10	∞	15.53	19.88	17.01
22.03	30.35	15.95	12.14	31.57	12.73	43.35	12.67	7.83	11.66	12.99	23.63	11.33	37.33	35.25	59.67	9.03	24.61	15.53	∞	12.36	14.37
32.20	24.79	24.29	21.27	30.44	10.47	43.08	22.31	8.03	12.20	14.36	17.07	12.95	35.29	28.26	57.01	18.87	20.37	19.88	12.36	∞	13.01
29.33	20.73	23.63	20.83	24.51	9.07	38.28	19.22	10.34	11.01	17.56	22.28	8.96	28.79	29.90	51.26	18.37	15.51	17.01	14.37	13.01	∞
Se unieron: G + O con distancia: 6.11

[Método: COMPLETE] Paso 4
Clusters actuales:
A	B	F	H	I	J	L	M	N	P	Q	R	U	V	W	X	DS	KT	GO	CE
Matriz de distancias:
∞	41.62	18.05	16.55	38.05	49.38	14.56	24.85	22.89	32.69	42.45	46.45	47.22	66.01	15.44	39.72	28.74	22.03	32.20	29.33	30.85
41.62	∞	36.19	34.02	14.33	43.21	31.02	26.11	24.70	33.54	32.21	15.95	19.16	34.82	33.78	14.26	33.25	30.35	24.79	20.73	20.92
18.05	36.19	∞	6.21	34.01	47.10	14.66	20.27	20.19	25.42	34.08	41.08	42.26	61.76	9.92	32.03	21.19	15.95	24.29	23.63	20.95
16.55	34.02	6.21	∞	32.09	45.99	10.94	16.73	17.28	22.22	32.11	39.21	39.70	60.33	8.04	30.04	19.88	12.14	21.27	20.83	19.18
38.05	14.33	34.01	32.09	∞	50.11	28.06	29.90	27.95	37.26	41.66	12.38	27.26	29.32	33.53	21.11	37.07	31.57	30.44	24.51	24.75
49.38	43.21	47.10	45.99	50.11	∞	47.05	42.05	40.16	42.16	34.81	50.43	52.46	67.95	43.22	40.85	8.02	43.35	43.08	38.28	41.21
14.56	31.02	14.66	10.94	28.06	47.05	∞	16.14	16.51	22.84	33.99	34.82	38.84	56.02	11.50	27.07	20.10	12.67	22.31	19.22	19.12
24.85	26.11	20.27	16.73	29.90	42.05	16.14	∞	6.45	15.63	21.01	35.97	28.99	57.96	12.98	22.53	17.83	7.83	8.03	10.34	11.92
22.89	24.70	20.19	17.28	27.95	40.16	16.51	6.45	∞	20.31	24.12	35.35	27.86	56.44	12.90	23.55	20.70	11.66	12.20	11.01	14.16
32.69	33.54	25.42	22.22	37.26	42.16	22.84	15.63	20.31	∞	17.94	40.16	39.46	62.46	20.00	23.74	13.99	12.99	14.36	17.56	16.93
42.45	32.21	34.08	32.11	41.66	34.81	33.99	21.01	24.12	17.94	∞	42.81	35.57	64.64	28.84	24.91	20.51	23.63	17.07	22.28	23.84
46.45	15.95	41.08	39.21	12.38	50.43	34.82	35.97	35.35	40.16	42.81	∞	32.25	23.60	40.68	19.70	39.39	37.33	35.29	28.79	28.44
47.22	19.16	42.26	39.70	27.26	52.46	38.84	28.99	27.86	39.46	35.57	32.25	∞	46.12	38.99	29.01	42.54	35.25	28.26	29.90	29.81
66.01	34.82	61.76	60.33	29.32	67.95	56.02	57.96	56.44	62.46	64.64	23.60	46.12	∞	62.30	41.59	62.28	59.67	57.01	51.26	50.85
15.44	33.78	9.92	8.04	33.53	43.22	11.50	12.98	12.90	20.00	28.84	40.68	38.99	62.30	∞	29.46	17.61	9.03	18.87	18.37	17.73
39.72	14.26	32.03	30.04	21.11	40.85	27.07	22.53	23.55	23.74	24.91	19.70	29.01	41.59	29.46	∞	23.10	24.61	20.37	15.51	15.00
28.74	33.25	21.19	19.88	37.07	8.02	20.10	17.83	20.70	13.99	20.51	39.39	42.54	62.28	17.61	23.10	∞	15.53	19.88	17.01	17.48
22.03	30.35	15.95	12.14	31.57	43.35	12.67	7.83	11.66	12.99	23.63	37.33	35.25	59.67	9.03	24.61	15.53	∞	12.36	14.37	12.73
32.20	24.79	24.29	21.27	30.44	43.08	22.31	8.03	12.20	14.36	17.07	35.29	28.26	57.01	18.87	20.37	19.88	12.36	∞	13.01	12.95
29.33	20.73	23.63	20.83	24.51	38.28	19.22	10.34	11.01	17.56	22.28	28.79	29.90	51.26	18.37	15.51	17.01	14.37	13.01	∞	9.07
30.85	20.92	20.95	19.18	24.75	41.21	19.12	11.92	14.16	16.93	23.84	28.44	29.81	50.85	17.73	15.00	17.48	12.73	12.95	9.07	∞
Se unieron: C + E con distancia: 6.21

[Método: COMPLETE] Paso 5
Clusters actuales:
A	B	F	H	I	M	N	P	Q	R	U	V	W	X	DS	KT	GO	CE	JL
Matriz de distancias:
∞	41.62	38.05	49.38	14.56	24.85	22.89	32.69	42.45	46.45	47.22	66.01	15.44	39.72	28.74	22.03	32.20	29.33	30.85	18.05
41.62	∞	14.33	43.21	31.02	26.11	24.70	33.54	32.21	15.95	19.16	34.82	33.78	14.26	33.25	30.35	24.79	20.73	20.92	36.19
38.05	14.33	∞	50.11	28.06	29.90	27.95	37.26	41.66	12.38	27.26	29.32	33.53	21.11	37.07	31.57	30.44	24.51	24.75	34.01
49.38	43.21	50.11	∞	47.05	42.05	40.16	42.16	34.81	50.43	52.46	67.95	43.22	40.85	8.02	43.35	43.08	38.28	41.21	47.10
14.56	31.02	28.06	47.05	∞	16.14	16.51	22.84	33.99	34.82	38.84	56.02	11.50	27.07	20.10	12.67	22.31	19.22	19.12	14.66
24.85	26.11	29.90	42.05	16.14	∞	6.45	15.63	21.01	35.97	28.99	57.96	12.98	22.53	17.83	7.83	8.03	10.34	11.92	20.27
22.89	24.70	27.95	40.16	16.51	6.45	∞	20.31	24.12	35.35	27.86	56.44	12.90	23.55	20.70	11.66	12.20	11.01	14.16	20.19
32.69	33.54	37.26	42.16	22.84	15.63	20.31	∞	17.94	40.16	39.46	62.46	20.00	23.74	13.99	12.99	14.36	17.56	16.93	25.42
42.45	32.21	41.66	34.81	33.99	21.01	24.12	17.94	∞	42.81	35.57	64.64	28.84	24.91	20.51	23.63	17.07	22.28	23.84	34.08
46.45	15.95	12.38	50.43	34.82	35.97	35.35	40.16	42.81	∞	32.25	23.60	40.68	19.70	39.39	37.33	35.29	28.79	28.44	41.08
47.22	19.16	27.26	52.46	38.84	28.99	27.86	39.46	35.57	32.25	∞	46.12	38.99	29.01	42.54	35.25	28.26	29.90	29.81	42.26
66.01	34.82	29.32	67.95	56.02	57.96	56.44	62.46	64.64	23.60	46.12	∞	62.30	41.59	62.28	59.67	57.01	51.26	50.85	61.76
15.44	33.78	33.53	43.22	11.50	12.98	12.90	20.00	28.84	40.68	38.99	62.30	∞	29.46	17.61	9.03	18.87	18.37	17.73	9.92
39.72	14.26	21.11	40.85	27.07	22.53	23.55	23.74	24.91	19.70	29.01	41.59	29.46	∞	23.10	24.61	20.37	15.51	15.00	32.03
28.74	33.25	37.07	8.02	20.10	17.83	20.70	13.99	20.51	39.39	42.54	62.28	17.61	23.10	∞	15.53	19.88	17.01	17.48	21.19
22.03	30.35	31.57	43.35	12.67	7.83	11.66	12.99	23.63	37.33	35.25	59.67	9.03	24.61	15.53	∞	12.36	14.37	12.73	15.95
32.20	24.79	30.44	43.08	22.31	8.03	12.20	14.36	17.07	35.29	28.26	57.01	18.87	20.37	19.88	12.36	∞	13.01	12.95	24.29
29.33	20.73	24.51	38.28	19.22	10.34	11.01	17.56	22.28	28.79	29.90	51.26	18.37	15.51	17.01	14.37	13.01	∞	9.07	23.63
30.85	20.92	24.75	41.21	19.12	11.92	14.16	16.93	23.84	28.44	29.81	50.85	17.73	15.00	17.48	12.73	12.95	9.07	∞	20.95
18.05	36.19	34.01	47.10	14.66	20.27	20.19	25.42	34.08	41.08	42.26	61.76	9.92	32.03	21.19	15.95	24.29	23.63	20.95	∞
Se unieron: J + L con distancia: 6.45

[Método: COMPLETE] Paso 6
Clusters actuales:
A	B	F	I	M	N	P	Q	R	U	V	X	DS	KT	GO	CE	JL	HW
Matriz de distancias:
∞	41.62	38.05	49.38	14.56	32.69	42.45	46.45	47.22	66.01	15.44	39.72	28.74	22.03	32.20	29.33	30.85	18.05	24.85
41.62	∞	14.33	43.21	31.02	33.54	32.21	15.95	19.16	34.82	33.78	14.26	33.25	30.35	24.79	20.73	20.92	36.19	26.11
38.05	14.33	∞	50.11	28.06	37.26	41.66	12.38	27.26	29.32	33.53	21.11	37.07	31.57	30.44	24.51	24.75	34.01	29.90
49.38	43.21	50.11	∞	47.05	42.16	34.81	50.43	52.46	67.95	43.22	40.85	8.02	43.35	43.08	38.28	41.21	47.10	42.05
14.56	31.02	28.06	47.05	∞	22.84	33.99	34.82	38.84	56.02	11.50	27.07	20.10	12.67	22.31	19.22	19.12	14.66	16.51
32.69	33.54	37.26	42.16	22.84	∞	17.94	40.16	39.46	62.46	20.00	23.74	13.99	12.99	14.36	17.56	16.93	25.42	20.31
42.45	32.21	41.66	34.81	33.99	17.94	∞	42.81	35.57	64.64	28.84	24.91	20.51	23.63	17.07	22.28	23.84	34.08	24.12
46.45	15.95	12.38	50.43	34.82	40.16	42.81	∞	32.25	23.60	40.68	19.70	39.39	37.33	35.29	28.79	28.44	41.08	35.97
47.22	19.16	27.26	52.46	38.84	39.46	35.57	32.25	∞	46.12	38.99	29.01	42.54	35.25	28.26	29.90	29.81	42.26	28.99
66.01	34.82	29.32	67.95	56.02	62.46	64.64	23.60	46.12	∞	62.30	41.59	62.28	59.67	57.01	51.26	50.85	61.76	57.96
15.44	33.78	33.53	43.22	11.50	20.00	28.84	40.68	38.99	62.30	∞	29.46	17.61	9.03	18.87	18.37	17.73	9.92	12.98
39.72	14.26	21.11	40.85	27.07	23.74	24.91	19.70	29.01	41.59	29.46	∞	23.10	24.61	20.37	15.51	15.00	32.03	23.55
28.74	33.25	37.07	8.02	20.10	13.99	20.51	39.39	42.54	62.28	17.61	23.10	∞	15.53	19.88	17.01	17.48	21.19	20.70
22.03	30.35	31.57	43.35	12.67	12.99	23.63	37.33	35.25	59.67	9.03	24.61	15.53	∞	12.36	14.37	12.73	15.95	11.66
32.20	24.79	30.44	43.08	22.31	14.36	17.07	35.29	28.26	57.01	18.87	20.37	19.88	12.36	∞	13.01	12.95	24.29	12.20
29.33	20.73	24.51	38.28	19.22	17.56	22.28	28.79	29.90	51.26	18.37	15.51	17.01	14.37	13.01	∞	9.07	23.63	11.01
30.85	20.92	24.75	41.21	19.12	16.93	23.84	28.44	29.81	50.85	17.73	15.00	17.48	12.73	12.95	9.07	∞	20.95	14.16
18.05	36.19	34.01	47.10	14.66	25.42	34.08	41.08	42.26	61.76	9.92	32.03	21.19	15.95	24.29	23.63	20.95	∞	20.27
24.85	26.11	29.90	42.05	16.51	20.31	24.12	35.97	28.99	57.96	12.98	23.55	20.70	11.66	12.20	11.01	14.16	20.27	∞
Se unieron: H + W con distancia: 8.02

[Método: COMPLETE] Paso 7
Clusters actuales:
A	B	F	I	M	N	P	Q	R	V	DS	KT	GO	CE	JL	HW	UX
Matriz de distancias:
∞	41.62	38.05	14.56	32.69	42.45	46.45	47.22	66.01	15.44	39.72	22.03	32.20	29.33	30.85	18.05	24.85	49.38
41.62	∞	14.33	31.02	33.54	32.21	15.95	19.16	34.82	33.78	14.26	30.35	24.79	20.73	20.92	36.19	26.11	43.21
38.05	14.33	∞	28.06	37.26	41.66	12.38	27.26	29.32	33.53	21.11	31.57	30.44	24.51	24.75	34.01	29.90	50.11
14.56	31.02	28.06	∞	22.84	33.99	34.82	38.84	56.02	11.50	27.07	12.67	22.31	19.22	19.12	14.66	16.51	47.05
32.69	33.54	37.26	22.84	∞	17.94	40.16	39.46	62.46	20.00	23.74	12.99	14.36	17.56	16.93	25.42	20.31	42.16
42.45	32.21	41.66	33.99	17.94	∞	42.81	35.57	64.64	28.84	24.91	23.63	17.07	22.28	23.84	34.08	24.12	34.81
46.45	15.95	12.38	34.82	40.16	42.81	∞	32.25	23.60	40.68	19.70	37.33	35.29	28.79	28.44	41.08	35.97	50.43
47.22	19.16	27.26	38.84	39.46	35.57	32.25	∞	46.12	38.99	29.01	35.25	28.26	29.90	29.81	42.26	28.99	52.46
66.01	34.82	29.32	56.02	62.46	64.64	23.60	46.12	∞	62.30	41.59	59.67	57.01	51.26	50.85	61.76	57.96	67.95
15.44	33.78	33.53	11.50	20.00	28.84	40.68	38.99	62.30	∞	29.46	9.03	18.87	18.37	17.73	9.92	12.98	43.22
39.72	14.26	21.11	27.07	23.74	24.91	19.70	29.01	41.59	29.46	∞	24.61	20.37	15.51	15.00	32.03	23.55	40.85
22.03	30.35	31.57	12.67	12.99	23.63	37.33	35.25	59.67	9.03	24.61	∞	12.36	14.37	12.73	15.95	11.66	43.35
32.20	24.79	30.44	22.31	14.36	17.07	35.29	28.26	57.01	18.87	20.37	12.36	∞	13.01	12.95	24.29	12.20	43.08
29.33	20.73	24.51	19.22	17.56	22.28	28.79	29.90	51.26	18.37	15.51	14.37	13.01	∞	9.07	23.63	11.01	38.28
30.85	20.92	24.75	19.12	16.93	23.84	28.44	29.81	50.85	17.73	15.00	12.73	12.95	9.07	∞	20.95	14.16	41.21
18.05	36.19	34.01	14.66	25.42	34.08	41.08	42.26	61.76	9.92	32.03	15.95	24.29	23.63	20.95	∞	20.27	47.10
24.85	26.11	29.90	16.51	20.31	24.12	35.97	28.99	57.96	12.98	23.55	11.66	12.20	11.01	14.16	20.27	∞	42.05
49.38	43.21	50.11	47.05	42.16	34.81	50.43	52.46	67.95	43.22	40.85	43.35	43.08	38.28	41.21	47.10	42.05	∞
Se unieron: U + X con distancia: 9.03

[Método: COMPLETE] Paso 8
Clusters actuales:
A	B	F	I	M	N	P	Q	R	V	DS	CE	JL	HW	UX	GKOT
Matriz de distancias:
∞	41.62	38.05	14.56	32.69	42.45	46.45	47.22	66.01	39.72	32.20	29.33	30.85	18.05	24.85	49.38	22.03
41.62	∞	14.33	31.02	33.54	32.21	15.95	19.16	34.82	14.26	24.79	20.73	20.92	36.19	26.11	43.21	33.78
38.05	14.33	∞	28.06	37.26	41.66	12.38	27.26	29.32	21.11	30.44	24.51	24.75	34.01	29.90	50.11	33.53
14.56	31.02	28.06	∞	22.84	33.99	34.82	38.84	56.02	27.07	22.31	19.22	19.12	14.66	16.51	47.05	12.67
32.69	33.54	37.26	22.84	∞	17.94	40.16	39.46	62.46	23.74	14.36	17.56	16.93	25.42	20.31	42.16	20.00
42.45	32.21	41.66	33.99	17.94	∞	42.81	35.57	64.64	24.91	17.07	22.28	23.84	34.08	24.12	34.81	28.84
46.45	15.95	12.38	34.82	40.16	42.81	∞	32.25	23.60	19.70	35.29	28.79	28.44	41.08	35.97	50.43	40.68
47.22	19.16	27.26	38.84	39.46	35.57	32.25	∞	46.12	29.01	28.26	29.90	29.81	42.26	28.99	52.46	38.99
66.01	34.82	29.32	56.02	62.46	64.64	23.60	46.12	∞	41.59	57.01	51.26	50.85	61.76	57.96	67.95	62.30
39.72	14.26	21.11	27.07	23.74	24.91	19.70	29.01	41.59	∞	20.37	15.51	15.00	32.03	23.55	40.85	29.46
32.20	24.79	30.44	22.31	14.36	17.07	35.29	28.26	57.01	20.37	∞	13.01	12.95	24.29	12.20	43.08	18.87
29.33	20.73	24.51	19.22	17.56	22.28	28.79	29.90	51.26	15.51	13.01	∞	9.07	23.63	11.01	38.28	18.37
30.85	20.92	24.75	19.12	16.93	23.84	28.44	29.81	50.85	15.00	12.95	9.07	∞	20.95	14.16	41.21	17.73
18.05	36.19	34.01	14.66	25.42	34.08	41.08	42.26	61.76	32.03	24.29	23.63	20.95	∞	20.27	47.10	15.95
24.85	26.11	29.90	16.51	20.31	24.12	35.97	28.99	57.96	23.55	12.20	11.01	14.16	20.27	∞	42.05	12.98
49.38	43.21	50.11	47.05	42.16	34.81	50.43	52.46	67.95	40.85	43.08	38.28	41.21	47.10	42.05	∞	43.35
22.03	33.78	33.53	12.67	20.00	28.84	40.68	38.99	62.30	29.46	18.87	18.37	17.73	15.95	12.98	43.35	∞
Se unieron: C25 + C26 con distancia: 9.07

[Método: COMPLETE] Paso 9
Clusters actuales:
A	B	F	I	M	N	P	Q	R	V	CE	HW	UX	GKOT	DJLS
Matriz de distancias:
∞	41.62	38.05	14.56	32.69	42.45	46.45	47.22	66.01	39.72	32.20	18.05	24.85	49.38	22.03	30.85
41.62	∞	14.33	31.02	33.54	32.21	15.95	19.16	34.82	14.26	24.79	36.19	26.11	43.21	33.78	20.92
38.05	14.33	∞	28.06	37.26	41.66	12.38	27.26	29.32	21.11	30.44	34.01	29.90	50.11	33.53	24.75
14.56	31.02	28.06	∞	22.84	33.99	34.82	38.84	56.02	27.07	22.31	14.66	16.51	47.05	12.67	19.22
32.69	33.54	37.26	22.84	∞	17.94	40.16	39.46	62.46	23.74	14.36	25.42	20.31	42.16	20.00	17.56
42.45	32.21	41.66	33.99	17.94	∞	42.81	35.57	64.64	24.91	17.07	34.08	24.12	34.81	28.84	23.84
46.45	15.95	12.38	34.82	40.16	42.81	∞	32.25	23.60	19.70	35.29	41.08	35.97	50.43	40.68	28.79
47.22	19.16	27.26	38.84	39.46	35.57	32.25	∞	46.12	29.01	28.26	42.26	28.99	52.46	38.99	29.90
66.01	34.82	29.32	56.02	62.46	64.64	23.60	46.12	∞	41.59	57.01	61.76	57.96	67.95	62.30	51.26
39.72	14.26	21.11	27.07	23.74	24.91	19.70	29.01	41.59	∞	20.37	32.03	23.55	40.85	29.46	15.51
32.20	24.79	30.44	22.31	14.36	17.07	35.29	28.26	57.01	20.37	∞	24.29	12.20	43.08	18.87	13.01
18.05	36.19	34.01	14.66	25.42	34.08	41.08	42.26	61.76	32.03	24.29	∞	20.27	47.10	15.95	23.63
24.85	26.11	29.90	16.51	20.31	24.12	35.97	28.99	57.96	23.55	12.20	20.27	∞	42.05	12.98	14.16
49.38	43.21	50.11	47.05	42.16	34.81	50.43	52.46	67.95	40.85	43.08	47.10	42.05	∞	43.35	41.21
22.03	33.78	33.53	12.67	20.00	28.84	40.68	38.99	62.30	29.46	18.87	15.95	12.98	43.35	∞	18.37
30.85	20.92	24.75	19.22	17.56	23.84	28.79	29.90	51.26	15.51	13.01	23.63	14.16	41.21	18.37	∞
Se unieron: C24 + C28 con distancia: 12.20

[Método: COMPLETE] Paso 10
Clusters actuales:
A	B	I	M	N	Q	R	V	CE	HW	UX	GKOT	DJLS	FP
Matriz de distancias:
∞	41.62	38.05	14.56	32.69	42.45	46.45	47.22	66.01	39.72	18.05	49.38	22.03	30.85	32.20
41.62	∞	14.33	31.02	33.54	32.21	15.95	19.16	34.82	14.26	36.19	43.21	33.78	20.92	26.11
38.05	14.33	∞	28.06	37.26	41.66	12.38	27.26	29.32	21.11	34.01	50.11	33.53	24.75	30.44
14.56	31.02	28.06	∞	22.84	33.99	34.82	38.84	56.02	27.07	14.66	47.05	12.67	19.22	22.31
32.69	33.54	37.26	22.84	∞	17.94	40.16	39.46	62.46	23.74	25.42	42.16	20.00	17.56	20.31
42.45	32.21	41.66	33.99	17.94	∞	42.81	35.57	64.64	24.91	34.08	34.81	28.84	23.84	24.12
46.45	15.95	12.38	34.82	40.16	42.81	∞	32.25	23.60	19.70	41.08	50.43	40.68	28.79	35.97
47.22	19.16	27.26	38.84	39.46	35.57	32.25	∞	46.12	29.01	42.26	52.46	38.99	29.90	28.99
66.01	34.82	29.32	56.02	62.46	64.64	23.60	46.12	∞	41.59	61.76	67.95	62.30	51.26	57.96
39.72	14.26	21.11	27.07	23.74	24.91	19.70	29.01	41.59	∞	32.03	40.85	29.46	15.51	23.55
18.05	36.19	34.01	14.66	25.42	34.08	41.08	42.26	61.76	32.03	∞	47.10	15.95	23.63	24.29
49.38	43.21	50.11	47.05	42.16	34.81	50.43	52.46	67.95	40.85	47.10	∞	43.35	41.21	43.08
22.03	33.78	33.53	12.67	20.00	28.84	40.68	38.99	62.30	29.46	15.95	43.35	∞	18.37	18.87
30.85	20.92	24.75	19.22	17.56	23.84	28.79	29.90	51.26	15.51	23.63	41.21	18.37	∞	14.16
32.20	26.11	30.44	22.31	20.31	24.12	35.97	28.99	57.96	23.55	24.29	43.08	18.87	14.16	∞
Se unieron: F + P con distancia: 12.38

[Método: COMPLETE] Paso 11
Clusters actuales:
A	B	M	N	Q	R	V	CE	HW	GKOT	DJLS	FP	IUX
Matriz de distancias:
∞	41.62	14.56	32.69	42.45	47.22	66.01	39.72	18.05	49.38	22.03	30.85	32.20	46.45
41.62	∞	31.02	33.54	32.21	19.16	34.82	14.26	36.19	43.21	33.78	20.92	26.11	15.95
14.56	31.02	∞	22.84	33.99	38.84	56.02	27.07	14.66	47.05	12.67	19.22	22.31	34.82
32.69	33.54	22.84	∞	17.94	39.46	62.46	23.74	25.42	42.16	20.00	17.56	20.31	40.16
42.45	32.21	33.99	17.94	∞	35.57	64.64	24.91	34.08	34.81	28.84	23.84	24.12	42.81
47.22	19.16	38.84	39.46	35.57	∞	46.12	29.01	42.26	52.46	38.99	29.90	28.99	32.25
66.01	34.82	56.02	62.46	64.64	46.12	∞	41.59	61.76	67.95	62.30	51.26	57.96	29.32
39.72	14.26	27.07	23.74	24.91	29.01	41.59	∞	32.03	40.85	29.46	15.51	23.55	21.11
18.05	36.19	14.66	25.42	34.08	42.26	61.76	32.03	∞	47.10	15.95	23.63	24.29	41.08
49.38	43.21	47.05	42.16	34.81	52.46	67.95	40.85	47.10	∞	43.35	41.21	43.08	50.43
22.03	33.78	12.67	20.00	28.84	38.99	62.30	29.46	15.95	43.35	∞	18.37	18.87	40.68
30.85	20.92	19.22	17.56	23.84	29.90	51.26	15.51	23.63	41.21	18.37	∞	14.16	28.79
32.20	26.11	22.31	20.31	24.12	28.99	57.96	23.55	24.29	43.08	18.87	14.16	∞	35.97
46.45	15.95	34.82	40.16	42.81	32.25	29.32	21.11	41.08	50.43	40.68	28.79	35.97	∞
Se unieron: I + C30 con distancia: 12.67

[Método: COMPLETE] Paso 12
Clusters actuales:
A	B	M	N	Q	R	V	CE	HW	FP	IUX	DGJKLOST
Matriz de distancias:
∞	41.62	32.69	42.45	47.22	66.01	39.72	18.05	49.38	30.85	32.20	46.45	22.03
41.62	∞	33.54	32.21	19.16	34.82	14.26	36.19	43.21	20.92	26.11	15.95	33.78
32.69	33.54	∞	17.94	39.46	62.46	23.74	25.42	42.16	17.56	20.31	40.16	22.84
42.45	32.21	17.94	∞	35.57	64.64	24.91	34.08	34.81	23.84	24.12	42.81	33.99
47.22	19.16	39.46	35.57	∞	46.12	29.01	42.26	52.46	29.90	28.99	32.25	38.99
66.01	34.82	62.46	64.64	46.12	∞	41.59	61.76	67.95	51.26	57.96	29.32	62.30
39.72	14.26	23.74	24.91	29.01	41.59	∞	32.03	40.85	15.51	23.55	21.11	29.46
18.05	36.19	25.42	34.08	42.26	61.76	32.03	∞	47.10	23.63	24.29	41.08	15.95
49.38	43.21	42.16	34.81	52.46	67.95	40.85	47.10	∞	41.21	43.08	50.43	47.05
30.85	20.92	17.56	23.84	29.90	51.26	15.51	23.63	41.21	∞	14.16	28.79	19.22
32.20	26.11	20.31	24.12	28.99	57.96	23.55	24.29	43.08	14.16	∞	35.97	22.31
46.45	15.95	40.16	42.81	32.25	29.32	21.11	41.08	50.43	28.79	35.97	∞	40.68
22.03	33.78	22.84	33.99	38.99	62.30	29.46	15.95	47.05	19.22	22.31	40.68	∞
Se unieron: C31 + C32 con distancia: 14.16

[Método: COMPLETE] Paso 13
Clusters actuales:
A	M	N	Q	R	CE	HW	FP	IUX	DGJKLOST	BV
Matriz de distancias:
∞	41.62	32.69	42.45	47.22	66.01	39.72	18.05	49.38	46.45	22.03	32.20
41.62	∞	33.54	32.21	19.16	34.82	14.26	36.19	43.21	15.95	33.78	26.11
32.69	33.54	∞	17.94	39.46	62.46	23.74	25.42	42.16	40.16	22.84	20.31
42.45	32.21	17.94	∞	35.57	64.64	24.91	34.08	34.81	42.81	33.99	24.12
47.22	19.16	39.46	35.57	∞	46.12	29.01	42.26	52.46	32.25	38.99	29.90
66.01	34.82	62.46	64.64	46.12	∞	41.59	61.76	67.95	29.32	62.30	57.96
39.72	14.26	23.74	24.91	29.01	41.59	∞	32.03	40.85	21.11	29.46	23.55
18.05	36.19	25.42	34.08	42.26	61.76	32.03	∞	47.10	41.08	15.95	24.29
49.38	43.21	42.16	34.81	52.46	67.95	40.85	47.10	∞	50.43	47.05	43.08
46.45	15.95	40.16	42.81	32.25	29.32	21.11	41.08	50.43	∞	40.68	35.97
22.03	33.78	22.84	33.99	38.99	62.30	29.46	15.95	47.05	40.68	∞	22.31
32.20	26.11	20.31	24.12	29.90	57.96	23.55	24.29	43.08	35.97	22.31	∞
Se unieron: B + V con distancia: 14.26

[Método: COMPLETE] Paso 14
Clusters actuales:
A	M	N	Q	R	HW	FP	DGJKLOST	BV	CEIUX
Matriz de distancias:
∞	32.69	42.45	47.22	66.01	18.05	49.38	46.45	22.03	32.20	41.62
32.69	∞	17.94	39.46	62.46	25.42	42.16	40.16	22.84	20.31	33.54
42.45	17.94	∞	35.57	64.64	34.08	34.81	42.81	33.99	24.12	32.21
47.22	39.46	35.57	∞	46.12	42.26	52.46	32.25	38.99	29.90	29.01
66.01	62.46	64.64	46.12	∞	61.76	67.95	29.32	62.30	57.96	41.59
18.05	25.42	34.08	42.26	61.76	∞	47.10	41.08	15.95	24.29	36.19
49.38	42.16	34.81	52.46	67.95	47.10	∞	50.43	47.05	43.08	43.21
46.45	40.16	42.81	32.25	29.32	41.08	50.43	∞	40.68	35.97	21.11
22.03	22.84	33.99	38.99	62.30	15.95	47.05	40.68	∞	22.31	33.78
32.20	20.31	24.12	29.90	57.96	24.29	43.08	35.97	22.31	∞	26.11
41.62	33.54	32.21	29.01	41.59	36.19	43.21	21.11	33.78	26.11	∞
Se unieron: C27 + C34 con distancia: 15.95

[Método: COMPLETE] Paso 15
Clusters actuales:
A	Q	R	HW	FP	DGJKLOST	BV	CEIUX	MN
Matriz de distancias:
∞	32.69	42.45	47.22	66.01	49.38	46.45	32.20	41.62	22.03
32.69	∞	17.94	39.46	62.46	42.16	40.16	20.31	33.54	25.42
42.45	17.94	∞	35.57	64.64	34.81	42.81	24.12	32.21	34.08
47.22	39.46	35.57	∞	46.12	52.46	32.25	29.90	29.01	42.26
66.01	62.46	64.64	46.12	∞	67.95	29.32	57.96	41.59	62.30
49.38	42.16	34.81	52.46	67.95	∞	50.43	43.08	43.21	47.10
46.45	40.16	42.81	32.25	29.32	50.43	∞	35.97	21.11	41.08
32.20	20.31	24.12	29.90	57.96	43.08	35.97	∞	26.11	24.29
41.62	33.54	32.21	29.01	41.59	43.21	21.11	26.11	∞	36.19
22.03	25.42	34.08	42.26	62.30	47.10	41.08	24.29	36.19	∞
Se unieron: M + N con distancia: 17.94

[Método: COMPLETE] Paso 16
Clusters actuales:
A	Q	R	HW	DGJKLOST	CEIUX	MN	BFPV
Matriz de distancias:
∞	47.22	66.01	49.38	46.45	32.20	41.62	22.03	42.45
47.22	∞	46.12	52.46	32.25	29.90	29.01	42.26	39.46
66.01	46.12	∞	67.95	29.32	57.96	41.59	62.30	64.64
49.38	52.46	67.95	∞	50.43	43.08	43.21	47.10	42.16
46.45	32.25	29.32	50.43	∞	35.97	21.11	41.08	42.81
32.20	29.90	57.96	43.08	35.97	∞	26.11	24.29	24.12
41.62	29.01	41.59	43.21	21.11	26.11	∞	36.19	33.54
22.03	42.26	62.30	47.10	41.08	24.29	36.19	∞	34.08
42.45	39.46	64.64	42.16	42.81	24.12	33.54	34.08	∞
Se unieron: C33 + C36 con distancia: 21.11

[Método: COMPLETE] Paso 17
Clusters actuales:
Q	R	HW	DGJKLOST	MN	BFPV	ACEIUX
Matriz de distancias:
∞	47.22	66.01	49.38	32.20	22.03	42.45	46.45
47.22	∞	46.12	52.46	29.90	42.26	39.46	32.25
66.01	46.12	∞	67.95	57.96	62.30	64.64	41.59
49.38	52.46	67.95	∞	43.08	47.10	42.16	50.43
32.20	29.90	57.96	43.08	∞	24.29	24.12	35.97
22.03	42.26	62.30	47.10	24.29	∞	34.08	41.08
42.45	39.46	64.64	42.16	24.12	34.08	∞	42.81
46.45	32.25	41.59	50.43	35.97	41.08	42.81	∞
Se unieron: A + C37 con distancia: 22.03

[Método: COMPLETE] Paso 18
Clusters actuales:
Q	R	HW	BFPV	ACEIUX	DGJKLMNOST
Matriz de distancias:
∞	46.12	52.46	29.90	39.46	32.25	47.22
46.12	∞	67.95	57.96	64.64	41.59	66.01
52.46	67.95	∞	43.08	42.16	50.43	49.38
29.90	57.96	43.08	∞	24.12	35.97	32.20
39.46	64.64	42.16	24.12	∞	42.81	42.45
32.25	41.59	50.43	35.97	42.81	∞	46.45
47.22	66.01	49.38	32.20	42.45	46.45	∞
Se unieron: C35 + C38 con distancia: 24.12

[Método: COMPLETE] Paso 19
Clusters actuales:
R	HW	ACEIUX	DGJKLMNOST	BFPQV
Matriz de distancias:
∞	46.12	52.46	32.25	47.22	39.46
46.12	∞	67.95	41.59	66.01	64.64
52.46	67.95	∞	50.43	49.38	43.08
32.25	41.59	50.43	∞	46.45	42.81
47.22	66.01	49.38	46.45	∞	42.45
39.46	64.64	43.08	42.81	42.45	∞
Se unieron: Q + C39 con distancia: 32.25

[Método: COMPLETE] Paso 20
Clusters actuales:
R	HW	BFPQV	ACDEGIJKLMNOSTUX
Matriz de distancias:
∞	67.95	66.01	64.64	46.12
67.95	∞	49.38	43.08	52.46
66.01	49.38	∞	42.45	47.22
64.64	43.08	42.45	∞	42.81
46.12	52.46	47.22	42.81	∞
Se unieron: C40 + C41 con distancia: 42.45

[Método: COMPLETE] Paso 21
Clusters actuales:
HW	ACDEGIJKLMNOSTUX	BFPQRV
Matriz de distancias:
∞	67.95	46.12	66.01
67.95	∞	52.46	49.38
46.12	52.46	∞	47.22
66.01	49.38	47.22	∞
Se unieron: R + C42 con distancia: 46.12

[Método: COMPLETE] Paso 22
Clusters actuales:
BFPQRV	ACDEGHIJKLMNOSTUWX
Matriz de distancias:
∞	49.38	67.95
49.38	∞	66.01
67.95	66.01	∞
Se unieron: C29 + C43 con distancia: 49.38

[Método: COMPLETE] Paso 23
Clusters actuales:
ABCDEFGHIJKLMNOPQRSTUVWX
Matriz de distancias:
∞	67.95
67.95	∞
Se unieron: C44 + C45 con distancia: 67.95

=== MÉTODO: AVERAGE ===

[Método: AVERAGE] Paso 1
Clusters actuales:
A	B	C	E	F	G	H	I	J	K	L	M	N	O	P	Q	R	T	U	V	W	X	DS
Matriz de distancias:
∞	41.62	18.05	30.02	16.55	38.05	30.85	49.38	14.56	24.85	29.33	22.89	32.69	42.45	27.19	46.45	47.22	66.01	32.20	25.68	15.44	39.72	28.74	22.03
41.62	∞	36.19	24.69	34.02	14.33	20.92	43.21	31.02	26.11	18.47	24.70	33.54	32.21	20.49	15.95	19.16	34.82	24.79	20.73	33.78	14.26	33.25	30.35
18.05	36.19	∞	23.84	6.21	34.01	20.95	47.10	14.66	20.27	23.63	20.19	25.42	34.08	19.21	41.08	42.26	61.76	24.29	18.86	9.92	32.03	21.19	15.95
30.02	24.69	23.84	∞	20.64	30.29	10.47	39.62	20.69	6.55	8.50	9.91	12.76	16.37	12.01	35.15	28.26	57.01	5.05	11.01	17.19	19.59	17.40	11.09
16.55	34.02	6.21	20.64	∞	32.09	19.18	45.99	10.94	16.73	20.83	17.28	22.22	32.11	16.36	39.21	39.70	60.33	21.27	16.06	8.04	30.04	19.88	12.14
38.05	14.33	34.01	30.29	32.09	∞	24.75	50.11	28.06	29.90	24.51	27.95	37.26	41.66	21.85	12.38	27.26	29.32	30.44	24.05	33.53	21.11	37.07	31.57
30.85	20.92	20.95	10.47	19.18	24.75	∞	41.21	19.12	11.92	9.07	14.16	16.01	20.26	6.11	28.44	28.96	50.85	10.39	8.34	17.73	13.97	16.72	12.73
49.38	43.21	47.10	39.62	45.99	50.11	41.21	∞	47.05	42.05	36.10	40.16	42.16	34.81	40.62	50.43	52.46	67.95	43.08	38.28	43.22	40.85	8.02	43.35
14.56	31.02	14.66	20.69	10.94	28.06	19.12	47.05	∞	16.14	19.22	16.51	22.84	33.99	14.99	34.82	38.84	56.02	22.31	14.58	11.50	27.07	20.10	12.67
24.85	26.11	20.27	6.55	16.73	29.90	11.92	42.05	16.14	∞	10.34	6.45	15.63	21.01	11.83	35.97	28.99	57.96	8.03	10.30	12.98	22.53	17.83	7.83
29.33	18.47	23.63	8.50	20.83	24.51	9.07	36.10	19.22	10.34	∞	10.39	17.56	19.33	8.96	28.79	26.87	50.90	11.31	5.90	18.37	14.08	17.01	14.37
22.89	24.70	20.19	9.91	17.28	27.95	14.16	40.16	16.51	6.45	10.39	∞	20.31	24.12	13.18	35.35	27.86	56.44	12.20	11.01	12.90	23.55	20.70	11.66
32.69	33.54	25.42	12.76	22.22	37.26	16.01	42.16	22.84	15.63	17.56	20.31	∞	17.94	16.93	40.16	39.46	62.46	14.36	17.35	20.00	23.74	13.99	12.99
42.45	32.21	34.08	16.37	32.11	41.66	20.26	34.81	33.99	21.01	19.33	24.12	17.94	∞	23.84	42.81	35.57	64.64	17.07	22.28	28.84	24.91	20.51	23.63
27.19	20.49	19.21	12.01	16.36	21.85	6.11	40.62	14.99	11.83	8.96	13.18	16.93	23.84	∞	26.50	29.81	49.04	12.95	6.36	15.93	15.00	17.48	11.33
46.45	15.95	41.08	35.15	39.21	12.38	28.44	50.43	34.82	35.97	28.79	35.35	40.16	42.81	26.50	∞	32.25	23.60	35.29	28.74	40.68	19.70	39.39	37.33
47.22	19.16	42.26	28.26	39.70	27.26	28.96	52.46	38.84	28.99	26.87	27.86	39.46	35.57	29.81	32.25	∞	46.12	26.24	29.90	38.99	29.01	42.54	35.25
66.01	34.82	61.76	57.01	60.33	29.32	50.85	67.95	56.02	57.96	50.90	56.44	62.46	64.64	49.04	23.60	46.12	∞	56.89	51.26	62.30	41.59	62.28	59.67
32.20	24.79	24.29	5.05	21.27	30.44	10.39	43.08	22.31	8.03	11.31	12.20	14.36	17.07	12.95	35.29	26.24	56.89	∞	13.01	18.87	20.37	19.88	12.36
25.68	20.73	18.86	11.01	16.06	24.05	8.34	38.28	14.58	10.30	5.90	11.01	17.35	22.28	6.36	28.74	29.90	51.26	13.01	∞	14.90	15.51	14.58	11.84
15.44	33.78	9.92	17.19	8.04	33.53	17.73	43.22	11.50	12.98	18.37	12.90	20.00	28.84	15.93	40.68	38.99	62.30	18.87	14.90	∞	29.46	17.61	9.03
39.72	14.26	32.03	19.59	30.04	21.11	13.97	40.85	27.07	22.53	14.08	23.55	23.74	24.91	15.00	19.70	29.01	41.59	20.37	15.51	29.46	∞	23.10	24.61
28.74	33.25	21.19	17.40	19.88	37.07	16.72	8.02	20.10	17.83	17.01	20.70	13.99	20.51	17.48	39.39	42.54	62.28	19.88	14.58	17.61	23.10	∞	15.53
22.03	30.35	15.95	11.09	12.14	31.57	12.73	43.35	12.67	7.83	14.37	11.66	12.99	23.63	11.33	37.33	35.25	59.67	12.36	11.84	9.03	24.61	15.53	∞
Se unieron: D + S con distancia: 5.05

[Método: AVERAGE] Paso 2
Clusters actuales:
A	B	C	E	F	G	H	I	J	L	M	N	O	P	Q	R	U	V	W	X	DS	KT
Matriz de distancias:
∞	41.62	18.05	16.55	38.05	30.85	49.38	14.56	24.85	29.33	22.89	32.69	42.45	27.19	46.45	47.22	66.01	25.68	15.44	39.72	28.74	22.03	31.11
41.62	∞	36.19	34.02	14.33	20.92	43.21	31.02	26.11	18.47	24.70	33.54	32.21	20.49	15.95	19.16	34.82	20.73	33.78	14.26	33.25	30.35	24.74
18.05	36.19	∞	6.21	34.01	20.95	47.10	14.66	20.27	23.63	20.19	25.42	34.08	19.21	41.08	42.26	61.76	18.86	9.92	32.03	21.19	15.95	24.07
16.55	34.02	6.21	∞	32.09	19.18	45.99	10.94	16.73	20.83	17.28	22.22	32.11	16.36	39.21	39.70	60.33	16.06	8.04	30.04	19.88	12.14	20.96
38.05	14.33	34.01	32.09	∞	24.75	50.11	28.06	29.90	24.51	27.95	37.26	41.66	21.85	12.38	27.26	29.32	24.05	33.53	21.11	37.07	31.57	30.37
30.85	20.92	20.95	19.18	24.75	∞	41.21	19.12	11.92	9.07	14.16	16.01	20.26	6.11	28.44	28.96	50.85	8.34	17.73	13.97	16.72	12.73	10.43
49.38	43.21	47.10	45.99	50.11	41.21	∞	47.05	42.05	36.10	40.16	42.16	34.81	40.62	50.43	52.46	67.95	38.28	43.22	40.85	8.02	43.35	41.35
14.56	31.02	14.66	10.94	28.06	19.12	47.05	∞	16.14	19.22	16.51	22.84	33.99	14.99	34.82	38.84	56.02	14.58	11.50	27.07	20.10	12.67	21.50
24.85	26.11	20.27	16.73	29.90	11.92	42.05	16.14	∞	10.34	6.45	15.63	21.01	11.83	35.97	28.99	57.96	10.30	12.98	22.53	17.83	7.83	7.29
29.33	18.47	23.63	20.83	24.51	9.07	36.10	19.22	10.34	∞	10.39	17.56	19.33	8.96	28.79	26.87	50.90	5.90	18.37	14.08	17.01	14.37	9.91
22.89	24.70	20.19	17.28	27.95	14.16	40.16	16.51	6.45	10.39	∞	20.31	24.12	13.18	35.35	27.86	56.44	11.01	12.90	23.55	20.70	11.66	11.06
32.69	33.54	25.42	22.22	37.26	16.01	42.16	22.84	15.63	17.56	20.31	∞	17.94	16.93	40.16	39.46	62.46	17.35	20.00	23.74	13.99	12.99	13.56
42.45	32.21	34.08	32.11	41.66	20.26	34.81	33.99	21.01	19.33	24.12	17.94	∞	23.84	42.81	35.57	64.64	22.28	28.84	24.91	20.51	23.63	16.72
27.19	20.49	19.21	16.36	21.85	6.11	40.62	14.99	11.83	8.96	13.18	16.93	23.84	∞	26.50	29.81	49.04	6.36	15.93	15.00	17.48	11.33	12.48
46.45	15.95	41.08	39.21	12.38	28.44	50.43	34.82	35.97	28.79	35.35	40.16	42.81	26.50	∞	32.25	23.60	28.74	40.68	19.70	39.39	37.33	35.22
47.22	19.16	42.26	39.70	27.26	28.96	52.46	38.84	28.99	26.87	27.86	39.46	35.57	29.81	32.25	∞	46.12	29.90	38.99	29.01	42.54	35.25	27.25
66.01	34.82	61.76	60.33	29.32	50.85	67.95	56.02	57.96	50.90	56.44	62.46	64.64	49.04	23.60	46.12	∞	51.26	62.30	41.59	62.28	59.67	56.95
25.68	20.73	18.86	16.06	24.05	8.34	38.28	14.58	10.30	5.90	11.01	17.35	22.28	6.36	28.74	29.90	51.26	∞	14.90	15.51	14.58	11.84	12.01
15.44	33.78	9.92	8.04	33.53	17.73	43.22	11.50	12.98	18.37	12.90	20.00	28.84	15.93	40.68	38.99	62.30	14.90	∞	29.46	17.61	9.03	18.03
39.72	14.26	32.03	30.04	21.11	13.97	40.85	27.07	22.53	14.08	23.55	23.74	24.91	15.00	19.70	29.01	41.59	15.51	29.46	∞	23.10	24.61	19.98
28.74	33.25	21.19	19.88	37.07	16.72	8.02	20.10	17.83	17.01	20.70	13.99	20.51	17.48	39.39	42.54	62.28	14.58	17.61	23.10	∞	15.53	18.64
22.03	30.35	15.95	12.14	31.57	12.73	43.35	12.67	7.83	14.37	11.66	12.99	23.63	11.33	37.33	35.25	59.67	11.84	9.03	24.61	15.53	∞	11.73
31.11	24.74	24.07	20.96	30.37	10.43	41.35	21.50	7.29	9.91	11.06	13.56	16.72	12.48	35.22	27.25	56.95	12.01	18.03	19.98	18.64	11.73	∞
Se unieron: K + T con distancia: 5.90

[Método: AVERAGE] Paso 3
Clusters actuales:
A	B	C	E	F	H	I	J	L	M	N	P	Q	R	U	V	W	X	DS	KT	GO
Matriz de distancias:
∞	41.62	18.05	16.55	38.05	30.85	49.38	14.56	24.85	22.89	32.69	42.45	27.19	46.45	47.22	66.01	15.44	39.72	28.74	22.03	31.11	27.50
41.62	∞	36.19	34.02	14.33	20.92	43.21	31.02	26.11	24.70	33.54	32.21	20.49	15.95	19.16	34.82	33.78	14.26	33.25	30.35	24.74	19.60
18.05	36.19	∞	6.21	34.01	20.95	47.10	14.66	20.27	20.19	25.42	34.08	19.21	41.08	42.26	61.76	9.92	32.03	21.19	15.95	24.07	21.25
16.55	34.02	6.21	∞	32.09	19.18	45.99	10.94	16.73	17.28	22.22	32.11	16.36	39.21	39.70	60.33	8.04	30.04	19.88	12.14	20.96	18.44
38.05	14.33	34.01	32.09	∞	24.75	50.11	28.06	29.90	27.95	37.26	41.66	21.85	12.38	27.26	29.32	33.53	21.11	37.07	31.57	30.37	24.28
30.85	20.92	20.95	19.18	24.75	∞	41.21	19.12	11.92	14.16	16.01	20.26	6.11	28.44	28.96	50.85	17.73	13.97	16.72	12.73	10.43	8.70
49.38	43.21	47.10	45.99	50.11	41.21	∞	47.05	42.05	40.16	42.16	34.81	40.62	50.43	52.46	67.95	43.22	40.85	8.02	43.35	41.35	37.19
14.56	31.02	14.66	10.94	28.06	19.12	47.05	∞	16.14	16.51	22.84	33.99	14.99	34.82	38.84	56.02	11.50	27.07	20.10	12.67	21.50	16.90
24.85	26.11	20.27	16.73	29.90	11.92	42.05	16.14	∞	6.45	15.63	21.01	11.83	35.97	28.99	57.96	12.98	22.53	17.83	7.83	7.29	10.32
22.89	24.70	20.19	17.28	27.95	14.16	40.16	16.51	6.45	∞	20.31	24.12	13.18	35.35	27.86	56.44	12.90	23.55	20.70	11.66	11.06	10.70
32.69	33.54	25.42	22.22	37.26	16.01	42.16	22.84	15.63	20.31	∞	17.94	16.93	40.16	39.46	62.46	20.00	23.74	13.99	12.99	13.56	17.45
42.45	32.21	34.08	32.11	41.66	20.26	34.81	33.99	21.01	24.12	17.94	∞	23.84	42.81	35.57	64.64	28.84	24.91	20.51	23.63	16.72	20.81
27.19	20.49	19.21	16.36	21.85	6.11	40.62	14.99	11.83	13.18	16.93	23.84	∞	26.50	29.81	49.04	15.93	15.00	17.48	11.33	12.48	7.66
46.45	15.95	41.08	39.21	12.38	28.44	50.43	34.82	35.97	35.35	40.16	42.81	26.50	∞	32.25	23.60	40.68	19.70	39.39	37.33	35.22	28.77
47.22	19.16	42.26	39.70	27.26	28.96	52.46	38.84	28.99	27.86	39.46	35.57	29.81	32.25	∞	46.12	38.99	29.01	42.54	35.25	27.25	28.39
66.01	34.82	61.76	60.33	29.32	50.85	67.95	56.02	57.96	56.44	62.46	64.64	49.04	23.60	46.12	∞	62.30	41.59	62.28	59.67	56.95	51.08
15.44	33.78	9.92	8.04	33.53	17.73	43.22	11.50	12.98	12.90	20.00	28.84	15.93	40.68	38.99	62.30	∞	29.46	17.61	9.03	18.03	16.63
39.72	14.26	32.03	30.04	21.11	13.97	40.85	27.07	22.53	23.55	23.74	24.91	15.00	19.70	29.01	41.59	29.46	∞	23.10	24.61	19.98	14.80
28.74	33.25	21.19	19.88	37.07	16.72	8.02	20.10	17.83	20.70	13.99	20.51	17.48	39.39	42.54	62.28	17.61	23.10	∞	15.53	18.64	15.79
22.03	30.35	15.95	12.14	31.57	12.73	43.35	12.67	7.83	11.66	12.99	23.63	11.33	37.33	35.25	59.67	9.03	24.61	15.53	∞	11.73	13.11
31.11	24.74	24.07	20.96	30.37	10.43	41.35	21.50	7.29	11.06	13.56	16.72	12.48	35.22	27.25	56.95	18.03	19.98	18.64	11.73	∞	10.96
27.50	19.60	21.25	18.44	24.28	8.70	37.19	16.90	10.32	10.70	17.45	20.81	7.66	28.77	28.39	51.08	16.63	14.80	15.79	13.11	10.96	∞
Se unieron: G + O con distancia: 6.11

[Método: AVERAGE] Paso 4
Clusters actuales:
A	B	F	H	I	J	L	M	N	P	Q	R	U	V	W	X	DS	KT	GO	CE
Matriz de distancias:
∞	41.62	18.05	16.55	38.05	49.38	14.56	24.85	22.89	32.69	42.45	46.45	47.22	66.01	15.44	39.72	28.74	22.03	31.11	27.50	29.02
41.62	∞	36.19	34.02	14.33	43.21	31.02	26.11	24.70	33.54	32.21	15.95	19.16	34.82	33.78	14.26	33.25	30.35	24.74	19.60	20.71
18.05	36.19	∞	6.21	34.01	47.10	14.66	20.27	20.19	25.42	34.08	41.08	42.26	61.76	9.92	32.03	21.19	15.95	24.07	21.25	20.08
16.55	34.02	6.21	∞	32.09	45.99	10.94	16.73	17.28	22.22	32.11	39.21	39.70	60.33	8.04	30.04	19.88	12.14	20.96	18.44	17.77
38.05	14.33	34.01	32.09	∞	50.11	28.06	29.90	27.95	37.26	41.66	12.38	27.26	29.32	33.53	21.11	37.07	31.57	30.37	24.28	23.30
49.38	43.21	47.10	45.99	50.11	∞	47.05	42.05	40.16	42.16	34.81	50.43	52.46	67.95	43.22	40.85	8.02	43.35	41.35	37.19	40.91
14.56	31.02	14.66	10.94	28.06	47.05	∞	16.14	16.51	22.84	33.99	34.82	38.84	56.02	11.50	27.07	20.10	12.67	21.50	16.90	17.06
24.85	26.11	20.27	16.73	29.90	42.05	16.14	∞	6.45	15.63	21.01	35.97	28.99	57.96	12.98	22.53	17.83	7.83	7.29	10.32	11.88
22.89	24.70	20.19	17.28	27.95	40.16	16.51	6.45	∞	20.31	24.12	35.35	27.86	56.44	12.90	23.55	20.70	11.66	11.06	10.70	13.67
32.69	33.54	25.42	22.22	37.26	42.16	22.84	15.63	20.31	∞	17.94	40.16	39.46	62.46	20.00	23.74	13.99	12.99	13.56	17.45	16.47
42.45	32.21	34.08	32.11	41.66	34.81	33.99	21.01	24.12	17.94	∞	42.81	35.57	64.64	28.84	24.91	20.51	23.63	16.72	20.81	22.05
46.45	15.95	41.08	39.21	12.38	50.43	34.82	35.97	35.35	40.16	42.81	∞	32.25	23.60	40.68	19.70	39.39	37.33	35.22	28.77	27.47
47.22	19.16	42.26	39.70	27.26	52.46	38.84	28.99	27.86	39.46	35.57	32.25	∞	46.12	38.99	29.01	42.54	35.25	27.25	28.39	29.39
66.01	34.82	61.76	60.33	29.32	67.95	56.02	57.96	56.44	62.46	64.64	23.60	46.12	∞	62.30	41.59	62.28	59.67	56.95	51.08	49.95
15.44	33.78	9.92	8.04	33.53	43.22	11.50	12.98	12.90	20.00	28.84	40.68	38.99	62.30	∞	29.46	17.61	9.03	18.03	16.63	16.83
39.72	14.26	32.03	30.04	21.11	40.85	27.07	22.53	23.55	23.74	24.91	19.70	29.01	41.59	29.46	∞	23.10	24.61	19.98	14.80	14.49
28.74	33.25	21.19	19.88	37.07	8.02	20.10	17.83	20.70	13.99	20.51	39.39	42.54	62.28	17.61	23.10	∞	15.53	18.64	15.79	17.10
22.03	30.35	15.95	12.14	31.57	43.35	12.67	7.83	11.66	12.99	23.63	37.33	35.25	59.67	9.03	24.61	15.53	∞	11.73	13.11	12.03
31.11	24.74	24.07	20.96	30.37	41.35	21.50	7.29	11.06	13.56	16.72	35.22	27.25	56.95	18.03	19.98	18.64	11.73	∞	10.96	11.46
27.50	19.60	21.25	18.44	24.28	37.19	16.90	10.32	10.70	17.45	20.81	28.77	28.39	51.08	16.63	14.80	15.79	13.11	10.96	∞	8.18
29.02	20.71	20.08	17.77	23.30	40.91	17.06	11.88	13.67	16.47	22.05	27.47	29.39	49.95	16.83	14.49	17.10	12.03	11.46	8.18	∞
Se unieron: C + E con distancia: 6.21

[Método: AVERAGE] Paso 5
Clusters actuales:
A	B	F	H	I	M	N	P	Q	R	U	V	W	X	DS	KT	GO	CE	JL
Matriz de distancias:
∞	41.62	38.05	49.38	14.56	24.85	22.89	32.69	42.45	46.45	47.22	66.01	15.44	39.72	28.74	22.03	31.11	27.50	29.02	17.30
41.62	∞	14.33	43.21	31.02	26.11	24.70	33.54	32.21	15.95	19.16	34.82	33.78	14.26	33.25	30.35	24.74	19.60	20.71	35.10
38.05	14.33	∞	50.11	28.06	29.90	27.95	37.26	41.66	12.38	27.26	29.32	33.53	21.11	37.07	31.57	30.37	24.28	23.30	33.05
49.38	43.21	50.11	∞	47.05	42.05	40.16	42.16	34.81	50.43	52.46	67.95	43.22	40.85	8.02	43.35	41.35	37.19	40.91	46.55
14.56	31.02	28.06	47.05	∞	16.14	16.51	22.84	33.99	34.82	38.84	56.02	11.50	27.07	20.10	12.67	21.50	16.90	17.06	12.80
24.85	26.11	29.90	42.05	16.14	∞	6.45	15.63	21.01	35.97	28.99	57.96	12.98	22.53	17.83	7.83	7.29	10.32	11.88	18.50
22.89	24.70	27.95	40.16	16.51	6.45	∞	20.31	24.12	35.35	27.86	56.44	12.90	23.55	20.70	11.66	11.06	10.70	13.67	18.73
32.69	33.54	37.26	42.16	22.84	15.63	20.31	∞	17.94	40.16	39.46	62.46	20.00	23.74	13.99	12.99	13.56	17.45	16.47	23.82
42.45	32.21	41.66	34.81	33.99	21.01	24.12	17.94	∞	42.81	35.57	64.64	28.84	24.91	20.51	23.63	16.72	20.81	22.05	33.10
46.45	15.95	12.38	50.43	34.82	35.97	35.35	40.16	42.81	∞	32.25	23.60	40.68	19.70	39.39	37.33	35.22	28.77	27.47	40.15
47.22	19.16	27.26	52.46	38.84	28.99	27.86	39.46	35.57	32.25	∞	46.12	38.99	29.01	42.54	35.25	27.25	28.39	29.39	40.98
66.01	34.82	29.32	67.95	56.02	57.96	56.44	62.46	64.64	23.60	46.12	∞	62.30	41.59	62.28	59.67	56.95	51.08	49.95	61.04
15.44	33.78	33.53	43.22	11.50	12.98	12.90	20.00	28.84	40.68	38.99	62.30	∞	29.46	17.61	9.03	18.03	16.63	16.83	8.98
39.72	14.26	21.11	40.85	27.07	22.53	23.55	23.74	24.91	19.70	29.01	41.59	29.46	∞	23.10	24.61	19.98	14.80	14.49	31.04
28.74	33.25	37.07	8.02	20.10	17.83	20.70	13.99	20.51	39.39	42.54	62.28	17.61	23.10	∞	15.53	18.64	15.79	17.10	20.53
22.03	30.35	31.57	43.35	12.67	7.83	11.66	12.99	23.63	37.33	35.25	59.67	9.03	24.61	15.53	∞	11.73	13.11	12.03	14.05
31.11	24.74	30.37	41.35	21.50	7.29	11.06	13.56	16.72	35.22	27.25	56.95	18.03	19.98	18.64	11.73	∞	10.96	11.46	22.51
27.50	19.60	24.28	37.19	16.90	10.32	10.70	17.45	20.81	28.77	28.39	51.08	16.63	14.80	15.79	13.11	10.96	∞	8.18	19.85
29.02	20.71	23.30	40.91	17.06	11.88	13.67	16.47	22.05	27.47	29.39	49.95	16.83	14.49	17.10	12.03	11.46	8.18	∞	18.93
17.30	35.10	33.05	46.55	12.80	18.50	18.73	23.82	33.10	40.15	40.98	61.04	8.98	31.04	20.53	14.05	22.51	19.85	18.93	∞
Se unieron: J + L con distancia: 6.45

[Método: AVERAGE] Paso 6
Clusters actuales:
A	B	F	I	M	N	P	Q	R	U	V	X	DS	KT	GO	CE	JL	HW
Matriz de distancias:
∞	41.62	38.05	49.38	14.56	32.69	42.45	46.45	47.22	66.01	15.44	39.72	28.74	22.03	31.11	27.50	29.02	17.30	23.87
41.62	∞	14.33	43.21	31.02	33.54	32.21	15.95	19.16	34.82	33.78	14.26	33.25	30.35	24.74	19.60	20.71	35.10	25.41
38.05	14.33	∞	50.11	28.06	37.26	41.66	12.38	27.26	29.32	33.53	21.11	37.07	31.57	30.37	24.28	23.30	33.05	28.92
49.38	43.21	50.11	∞	47.05	42.16	34.81	50.43	52.46	67.95	43.22	40.85	8.02	43.35	41.35	37.19	40.91	46.55	41.11
14.56	31.02	28.06	47.05	∞	22.84	33.99	34.82	38.84	56.02	11.50	27.07	20.10	12.67	21.50	16.90	17.06	12.80	16.33
32.69	33.54	37.26	42.16	22.84	∞	17.94	40.16	39.46	62.46	20.00	23.74	13.99	12.99	13.56	17.45	16.47	23.82	17.97
42.45	32.21	41.66	34.81	33.99	17.94	∞	42.81	35.57	64.64	28.84	24.91	20.51	23.63	16.72	20.81	22.05	33.10	22.56
46.45	15.95	12.38	50.43	34.82	40.16	42.81	∞	32.25	23.60	40.68	19.70	39.39	37.33	35.22	28.77	27.47	40.15	35.66
47.22	19.16	27.26	52.46	38.84	39.46	35.57	32.25	∞	46.12	38.99	29.01	42.54	35.25	27.25	28.39	29.39	40.98	28.43
66.01	34.82	29.32	67.95	56.02	62.46	64.64	23.60	46.12	∞	62.30	41.59	62.28	59.67	56.95	51.08	49.95	61.04	57.20
15.44	33.78	33.53	43.22	11.50	20.00	28.84	40.68	38.99	62.30	∞	29.46	17.61	9.03	18.03	16.63	16.83	8.98	12.94
39.72	14.26	21.11	40.85	27.07	23.74	24.91	19.70	29.01	41.59	29.46	∞	23.10	24.61	19.98	14.80	14.49	31.04	23.04
28.74	33.25	37.07	8.02	20.10	13.99	20.51	39.39	42.54	62.28	17.61	23.10	∞	15.53	18.64	15.79	17.10	20.53	19.27
22.03	30.35	31.57	43.35	12.67	12.99	23.63	37.33	35.25	59.67	9.03	24.61	15.53	∞	11.73	13.11	12.03	14.05	9.75
31.11	24.74	30.37	41.35	21.50	13.56	16.72	35.22	27.25	56.95	18.03	19.98	18.64	11.73	∞	10.96	11.46	22.51	9.17
27.50	19.60	24.28	37.19	16.90	17.45	20.81	28.77	28.39	51.08	16.63	14.80	15.79	13.11	10.96	∞	8.18	19.85	10.51
29.02	20.71	23.30	40.91	17.06	16.47	22.05	27.47	29.39	49.95	16.83	14.49	17.10	12.03	11.46	8.18	∞	18.93	12.77
17.30	35.10	33.05	46.55	12.80	23.82	33.10	40.15	40.98	61.04	8.98	31.04	20.53	14.05	22.51	19.85	18.93	∞	18.62
23.87	25.41	28.92	41.11	16.33	17.97	22.56	35.66	28.43	57.20	12.94	23.04	19.27	9.75	9.17	10.51	12.77	18.62	∞
Se unieron: H + W con distancia: 8.02

[Método: AVERAGE] Paso 7
Clusters actuales:
A	B	F	I	M	N	P	Q	R	U	V	X	DS	CE	JL	HW	GKOT
Matriz de distancias:
∞	41.62	38.05	14.56	32.69	42.45	46.45	47.22	66.01	15.44	39.72	22.03	31.11	27.50	29.02	17.30	23.87	39.06
41.62	∞	14.33	31.02	33.54	32.21	15.95	19.16	34.82	33.78	14.26	30.35	24.74	19.60	20.71	35.10	25.41	38.23
38.05	14.33	∞	28.06	37.26	41.66	12.38	27.26	29.32	33.53	21.11	31.57	30.37	24.28	23.30	33.05	28.92	43.59
14.56	31.02	28.06	∞	22.84	33.99	34.82	38.84	56.02	11.50	27.07	12.67	21.50	16.90	17.06	12.80	16.33	33.58
32.69	33.54	37.26	22.84	∞	17.94	40.16	39.46	62.46	20.00	23.74	12.99	13.56	17.45	16.47	23.82	17.97	28.07
42.45	32.21	41.66	33.99	17.94	∞	42.81	35.57	64.64	28.84	24.91	23.63	16.72	20.81	22.05	33.10	22.56	27.66
46.45	15.95	12.38	34.82	40.16	42.81	∞	32.25	23.60	40.68	19.70	37.33	35.22	28.77	27.47	40.15	35.66	44.91
47.22	19.16	27.26	38.84	39.46	35.57	32.25	∞	46.12	38.99	29.01	35.25	27.25	28.39	29.39	40.98	28.43	47.50
66.01	34.82	29.32	56.02	62.46	64.64	23.60	46.12	∞	62.30	41.59	59.67	56.95	51.08	49.95	61.04	57.20	65.12
15.44	33.78	33.53	11.50	20.00	28.84	40.68	38.99	62.30	∞	29.46	9.03	18.03	16.63	16.83	8.98	12.94	30.41
39.72	14.26	21.11	27.07	23.74	24.91	19.70	29.01	41.59	29.46	∞	24.61	19.98	14.80	14.49	31.04	23.04	31.98
22.03	30.35	31.57	12.67	12.99	23.63	37.33	35.25	59.67	9.03	24.61	∞	11.73	13.11	12.03	14.05	9.75	29.44
31.11	24.74	30.37	21.50	13.56	16.72	35.22	27.25	56.95	18.03	19.98	11.73	∞	10.96	11.46	22.51	9.17	29.99
27.50	19.60	24.28	16.90	17.45	20.81	28.77	28.39	51.08	16.63	14.80	13.11	10.96	∞	8.18	19.85	10.51	26.49
29.02	20.71	23.30	17.06	16.47	22.05	27.47	29.39	49.95	16.83	14.49	12.03	11.46	8.18	∞	18.93	12.77	29.01
17.30	35.10	33.05	12.80	23.82	33.10	40.15	40.98	61.04	8.98	31.04	14.05	22.51	19.85	18.93	∞	18.62	33.54
23.87	25.41	28.92	16.33	17.97	22.56	35.66	28.43	57.20	12.94	23.04	9.75	9.17	10.51	12.77	18.62	∞	30.19
39.06	38.23	43.59	33.58	28.07	27.66	44.91	47.50	65.12	30.41	31.98	29.44	29.99	26.49	29.01	33.54	30.19	∞
Se unieron: C25 + C26 con distancia: 8.18

[Método: AVERAGE] Paso 8
Clusters actuales:
A	B	F	I	M	N	P	Q	R	V	X	DS	JL	HW	GKOT	CEU
Matriz de distancias:
∞	41.62	38.05	14.56	32.69	42.45	46.45	47.22	66.01	15.44	39.72	22.03	31.11	17.30	23.87	39.06	28.26
41.62	∞	14.33	31.02	33.54	32.21	15.95	19.16	34.82	33.78	14.26	30.35	24.74	35.10	25.41	38.23	20.15
38.05	14.33	∞	28.06	37.26	41.66	12.38	27.26	29.32	33.53	21.11	31.57	30.37	33.05	28.92	43.59	23.79
14.56	31.02	28.06	∞	22.84	33.99	34.82	38.84	56.02	11.50	27.07	12.67	21.50	12.80	16.33	33.58	16.98
32.69	33.54	37.26	22.84	∞	17.94	40.16	39.46	62.46	20.00	23.74	12.99	13.56	23.82	17.97	28.07	16.96
42.45	32.21	41.66	33.99	17.94	∞	42.81	35.57	64.64	28.84	24.91	23.63	16.72	33.10	22.56	27.66	21.43
46.45	15.95	12.38	34.82	40.16	42.81	∞	32.25	23.60	40.68	19.70	37.33	35.22	40.15	35.66	44.91	28.12
47.22	19.16	27.26	38.84	39.46	35.57	32.25	∞	46.12	38.99	29.01	35.25	27.25	40.98	28.43	47.50	28.89
66.01	34.82	29.32	56.02	62.46	64.64	23.60	46.12	∞	62.30	41.59	59.67	56.95	61.04	57.20	65.12	50.51
15.44	33.78	33.53	11.50	20.00	28.84	40.68	38.99	62.30	∞	29.46	9.03	18.03	8.98	12.94	30.41	16.73
39.72	14.26	21.11	27.07	23.74	24.91	19.70	29.01	41.59	29.46	∞	24.61	19.98	31.04	23.04	31.98	14.64
22.03	30.35	31.57	12.67	12.99	23.63	37.33	35.25	59.67	9.03	24.61	∞	11.73	14.05	9.75	29.44	12.57
31.11	24.74	30.37	21.50	13.56	16.72	35.22	27.25	56.95	18.03	19.98	11.73	∞	22.51	9.17	29.99	11.21
17.30	35.10	33.05	12.80	23.82	33.10	40.15	40.98	61.04	8.98	31.04	14.05	22.51	∞	18.62	33.54	19.39
23.87	25.41	28.92	16.33	17.97	22.56	35.66	28.43	57.20	12.94	23.04	9.75	9.17	18.62	∞	30.19	11.64
39.06	38.23	43.59	33.58	28.07	27.66	44.91	47.50	65.12	30.41	31.98	29.44	29.99	33.54	30.19	∞	27.75
28.26	20.15	23.79	16.98	16.96	21.43	28.12	28.89	50.51	16.73	14.64	12.57	11.21	19.39	11.64	27.75	∞
Se unieron: U + C27 con distancia: 8.98

[Método: AVERAGE] Paso 9
Clusters actuales:
A	B	F	I	M	N	P	Q	R	V	X	HW	GKOT	CEU	DJLS
Matriz de distancias:
∞	41.62	38.05	14.56	32.69	42.45	46.45	47.22	66.01	39.72	22.03	31.11	23.87	39.06	28.26	16.68
41.62	∞	14.33	31.02	33.54	32.21	15.95	19.16	34.82	14.26	30.35	24.74	25.41	38.23	20.15	34.66
38.05	14.33	∞	28.06	37.26	41.66	12.38	27.26	29.32	21.11	31.57	30.37	28.92	43.59	23.79	33.21
14.56	31.02	28.06	∞	22.84	33.99	34.82	38.84	56.02	27.07	12.67	21.50	16.33	33.58	16.98	12.37
32.69	33.54	37.26	22.84	∞	17.94	40.16	39.46	62.46	23.74	12.99	13.56	17.97	28.07	16.96	22.55
42.45	32.21	41.66	33.99	17.94	∞	42.81	35.57	64.64	24.91	23.63	16.72	22.56	27.66	21.43	31.68
46.45	15.95	12.38	34.82	40.16	42.81	∞	32.25	23.60	19.70	37.33	35.22	35.66	44.91	28.12	40.33
47.22	19.16	27.26	38.84	39.46	35.57	32.25	∞	46.12	29.01	35.25	27.25	28.43	47.50	28.89	40.31
66.01	34.82	29.32	56.02	62.46	64.64	23.60	46.12	∞	41.59	59.67	56.95	57.20	65.12	50.51	61.46
39.72	14.26	21.11	27.07	23.74	24.91	19.70	29.01	41.59	∞	24.61	19.98	23.04	31.98	14.64	30.51
22.03	30.35	31.57	12.67	12.99	23.63	37.33	35.25	59.67	24.61	∞	11.73	9.75	29.44	12.57	12.37
31.11	24.74	30.37	21.50	13.56	16.72	35.22	27.25	56.95	19.98	11.73	∞	9.17	29.99	11.21	21.02
23.87	25.41	28.92	16.33	17.97	22.56	35.66	28.43	57.20	23.04	9.75	9.17	∞	30.19	11.64	16.73
39.06	38.23	43.59	33.58	28.07	27.66	44.91	47.50	65.12	31.98	29.44	29.99	30.19	∞	27.75	32.50
28.26	20.15	23.79	16.98	16.96	21.43	28.12	28.89	50.51	14.64	12.57	11.21	11.64	27.75	∞	18.50
16.68	34.66	33.21	12.37	22.55	31.68	40.33	40.31	61.46	30.51	12.37	21.02	16.73	32.50	18.50	∞
Se unieron: C24 + C28 con distancia: 9.17

[Método: AVERAGE] Paso 10
Clusters actuales:
A	B	F	I	M	N	P	Q	R	V	HW	GKOT	CEU	DJLSX
Matriz de distancias:
∞	41.62	38.05	14.56	32.69	42.45	46.45	47.22	66.01	39.72	22.03	39.06	28.26	16.68	27.49
41.62	∞	14.33	31.02	33.54	32.21	15.95	19.16	34.82	14.26	30.35	38.23	20.15	34.66	25.07
38.05	14.33	∞	28.06	37.26	41.66	12.38	27.26	29.32	21.11	31.57	43.59	23.79	33.21	29.65
14.56	31.02	28.06	∞	22.84	33.99	34.82	38.84	56.02	27.07	12.67	33.58	16.98	12.37	18.91
32.69	33.54	37.26	22.84	∞	17.94	40.16	39.46	62.46	23.74	12.99	28.07	16.96	22.55	15.76
42.45	32.21	41.66	33.99	17.94	∞	42.81	35.57	64.64	24.91	23.63	27.66	21.43	31.68	19.64
46.45	15.95	12.38	34.82	40.16	42.81	∞	32.25	23.60	19.70	37.33	44.91	28.12	40.33	35.44
47.22	19.16	27.26	38.84	39.46	35.57	32.25	∞	46.12	29.01	35.25	47.50	28.89	40.31	27.84
66.01	34.82	29.32	56.02	62.46	64.64	23.60	46.12	∞	41.59	59.67	65.12	50.51	61.46	57.08
39.72	14.26	21.11	27.07	23.74	24.91	19.70	29.01	41.59	∞	24.61	31.98	14.64	30.51	21.51
22.03	30.35	31.57	12.67	12.99	23.63	37.33	35.25	59.67	24.61	∞	29.44	12.57	12.37	10.74
39.06	38.23	43.59	33.58	28.07	27.66	44.91	47.50	65.12	31.98	29.44	∞	27.75	32.50	30.09
28.26	20.15	23.79	16.98	16.96	21.43	28.12	28.89	50.51	14.64	12.57	27.75	∞	18.50	11.42
16.68	34.66	33.21	12.37	22.55	31.68	40.33	40.31	61.46	30.51	12.37	32.50	18.50	∞	18.87
27.49	25.07	29.65	18.91	15.76	19.64	35.44	27.84	57.08	21.51	10.74	30.09	11.42	18.87	∞
Se unieron: X + C32 con distancia: 10.74

[Método: AVERAGE] Paso 11
Clusters actuales:
A	B	F	I	M	N	P	Q	R	V	HW	CEU	DGJKLOSTX
Matriz de distancias:
∞	41.62	38.05	14.56	32.69	42.45	46.45	47.22	66.01	39.72	39.06	28.26	16.68	26.40
41.62	∞	14.33	31.02	33.54	32.21	15.95	19.16	34.82	14.26	38.23	20.15	34.66	26.13
38.05	14.33	∞	28.06	37.26	41.66	12.38	27.26	29.32	21.11	43.59	23.79	33.21	30.03
14.56	31.02	28.06	∞	22.84	33.99	34.82	38.84	56.02	27.07	33.58	16.98	12.37	17.67
32.69	33.54	37.26	22.84	∞	17.94	40.16	39.46	62.46	23.74	28.07	16.96	22.55	15.21
42.45	32.21	41.66	33.99	17.94	∞	42.81	35.57	64.64	24.91	27.66	21.43	31.68	20.44
46.45	15.95	12.38	34.82	40.16	42.81	∞	32.25	23.60	19.70	44.91	28.12	40.33	35.82
47.22	19.16	27.26	38.84	39.46	35.57	32.25	∞	46.12	29.01	47.50	28.89	40.31	29.32
66.01	34.82	29.32	56.02	62.46	64.64	23.60	46.12	∞	41.59	65.12	50.51	61.46	57.60
39.72	14.26	21.11	27.07	23.74	24.91	19.70	29.01	41.59	∞	31.98	14.64	30.51	22.13
39.06	38.23	43.59	33.58	28.07	27.66	44.91	47.50	65.12	31.98	∞	27.75	32.50	29.96
28.26	20.15	23.79	16.98	16.96	21.43	28.12	28.89	50.51	14.64	27.75	∞	18.50	11.65
16.68	34.66	33.21	12.37	22.55	31.68	40.33	40.31	61.46	30.51	32.50	18.50	∞	17.57
26.40	26.13	30.03	17.67	15.21	20.44	35.82	29.32	57.60	22.13	29.96	11.65	17.57	∞
Se unieron: C30 + C33 con distancia: 11.65

[Método: AVERAGE] Paso 12
Clusters actuales:
A	B	F	M	N	P	Q	R	V	HW	DGJKLOSTX	CEIU
Matriz de distancias:
∞	41.62	38.05	14.56	32.69	42.45	46.45	47.22	66.01	39.72	39.06	16.68	27.23
41.62	∞	14.33	31.02	33.54	32.21	15.95	19.16	34.82	14.26	38.23	34.66	23.47
38.05	14.33	∞	28.06	37.26	41.66	12.38	27.26	29.32	21.11	43.59	33.21	27.26
14.56	31.02	28.06	∞	22.84	33.99	34.82	38.84	56.02	27.07	33.58	12.37	17.36
32.69	33.54	37.26	22.84	∞	17.94	40.16	39.46	62.46	23.74	28.07	22.55	15.99
42.45	32.21	41.66	33.99	17.94	∞	42.81	35.57	64.64	24.91	27.66	31.68	20.88
46.45	15.95	12.38	34.82	40.16	42.81	∞	32.25	23.60	19.70	44.91	40.33	32.40
47.22	19.16	27.26	38.84	39.46	35.57	32.25	∞	46.12	29.01	47.50	40.31	29.13
66.01	34.82	29.32	56.02	62.46	64.64	23.60	46.12	∞	41.59	65.12	61.46	54.45
39.72	14.26	21.11	27.07	23.74	24.91	19.70	29.01	41.59	∞	31.98	30.51	18.80
39.06	38.23	43.59	33.58	28.07	27.66	44.91	47.50	65.12	31.98	∞	32.50	28.98
16.68	34.66	33.21	12.37	22.55	31.68	40.33	40.31	61.46	30.51	32.50	∞	17.99
27.23	23.47	27.26	17.36	15.99	20.88	32.40	29.13	54.45	18.80	28.98	17.99	∞
Se unieron: I + C31 con distancia: 12.37

[Método: AVERAGE] Paso 13
Clusters actuales:
A	B	M	N	Q	R	V	HW	DGJKLOSTX	CEIU	FP
Matriz de distancias:
∞	41.62	38.05	32.69	42.45	46.45	47.22	66.01	39.72	39.06	27.23	16.15
41.62	∞	14.33	33.54	32.21	15.95	19.16	34.82	14.26	38.23	23.47	33.75
38.05	14.33	∞	37.26	41.66	12.38	27.26	29.32	21.11	43.59	27.26	31.92
32.69	33.54	37.26	∞	17.94	40.16	39.46	62.46	23.74	28.07	15.99	22.62
42.45	32.21	41.66	17.94	∞	42.81	35.57	64.64	24.91	27.66	20.88	32.26
46.45	15.95	12.38	40.16	42.81	∞	32.25	23.60	19.70	44.91	32.40	38.95
47.22	19.16	27.26	39.46	35.57	32.25	∞	46.12	29.01	47.50	29.13	39.94
66.01	34.82	29.32	62.46	64.64	23.60	46.12	∞	41.59	65.12	54.45	60.10
39.72	14.26	21.11	23.74	24.91	19.70	29.01	41.59	∞	31.98	18.80	29.65
39.06	38.23	43.59	28.07	27.66	44.91	47.50	65.12	31.98	∞	28.98	32.77
27.23	23.47	27.26	15.99	20.88	32.40	29.13	54.45	18.80	28.98	∞	17.83
16.15	33.75	31.92	22.62	32.26	38.95	39.94	60.10	29.65	32.77	17.83	∞
Se unieron: F + P con distancia: 12.38

[Método: AVERAGE] Paso 14
Clusters actuales:
A	M	N	Q	R	HW	DGJKLOSTX	CEIU	FP	BV
Matriz de distancias:
∞	41.62	32.69	42.45	47.22	66.01	39.72	39.06	27.23	16.15	42.25
41.62	∞	33.54	32.21	19.16	34.82	14.26	38.23	23.47	33.75	15.14
32.69	33.54	∞	17.94	39.46	62.46	23.74	28.07	15.99	22.62	38.71
42.45	32.21	17.94	∞	35.57	64.64	24.91	27.66	20.88	32.26	42.23
47.22	19.16	39.46	35.57	∞	46.12	29.01	47.50	29.13	39.94	29.75
66.01	34.82	62.46	64.64	46.12	∞	41.59	65.12	54.45	60.10	26.46
39.72	14.26	23.74	24.91	29.01	41.59	∞	31.98	18.80	29.65	20.41
39.06	38.23	28.07	27.66	47.50	65.12	31.98	∞	28.98	32.77	44.25
27.23	23.47	15.99	20.88	29.13	54.45	18.80	28.98	∞	17.83	29.83
16.15	33.75	22.62	32.26	39.94	60.10	29.65	32.77	17.83	∞	35.43
42.25	15.14	38.71	42.23	29.75	26.46	20.41	44.25	29.83	35.43	∞
Se unieron: B + V con distancia: 14.26

[Método: AVERAGE] Paso 15
Clusters actuales:
A	N	Q	R	HW	CEIU	FP	BV	DGJKLMOSTX
Matriz de distancias:
∞	32.69	42.45	47.22	66.01	39.06	27.23	16.15	42.25	40.67
32.69	∞	17.94	39.46	62.46	28.07	15.99	22.62	38.71	28.64
42.45	17.94	∞	35.57	64.64	27.66	20.88	32.26	42.23	28.56
47.22	39.46	35.57	∞	46.12	47.50	29.13	39.94	29.75	24.08
66.01	62.46	64.64	46.12	∞	65.12	54.45	60.10	26.46	38.20
39.06	28.07	27.66	47.50	65.12	∞	28.98	32.77	44.25	35.10
27.23	15.99	20.88	29.13	54.45	28.98	∞	17.83	29.83	21.14
16.15	22.62	32.26	39.94	60.10	32.77	17.83	∞	35.43	31.70
42.25	38.71	42.23	29.75	26.46	44.25	29.83	35.43	∞	17.78
40.67	28.64	28.56	24.08	38.20	35.10	21.14	31.70	17.78	∞
Se unieron: M + C34 con distancia: 15.99

[Método: AVERAGE] Paso 16
Clusters actuales:
N	Q	R	HW	FP	BV	DGJKLMOSTX	ACEIU
Matriz de distancias:
∞	42.45	47.22	66.01	39.06	16.15	42.25	40.67	27.77
42.45	∞	35.57	64.64	27.66	32.26	42.23	28.56	20.58
47.22	35.57	∞	46.12	47.50	39.94	29.75	24.08	30.16
66.01	64.64	46.12	∞	65.12	60.10	26.46	38.20	55.25
39.06	27.66	47.50	65.12	∞	32.77	44.25	35.10	28.89
16.15	32.26	39.94	60.10	32.77	∞	35.43	31.70	18.31
42.25	42.23	29.75	26.46	44.25	35.43	∞	17.78	30.71
40.67	28.56	24.08	38.20	35.10	31.70	17.78	∞	21.89
27.77	20.58	30.16	55.25	28.89	18.31	30.71	21.89	∞
Se unieron: A + C35 con distancia: 16.15

[Método: AVERAGE] Paso 17
Clusters actuales:
N	Q	R	HW	DGJKLMOSTX	ACEIU	BFPV
Matriz de distancias:
∞	35.57	64.64	27.66	42.23	28.56	20.58	34.30
35.57	∞	46.12	47.50	29.75	24.08	30.16	41.40
64.64	46.12	∞	65.12	26.46	38.20	55.25	61.28
27.66	47.50	65.12	∞	44.25	35.10	28.89	34.03
42.23	29.75	26.46	44.25	∞	17.78	30.71	36.80
28.56	24.08	38.20	35.10	17.78	∞	21.89	33.50
20.58	30.16	55.25	28.89	30.71	21.89	∞	20.20
34.30	41.40	61.28	34.03	36.80	33.50	20.20	∞
Se unieron: C36 + C37 con distancia: 17.78

[Método: AVERAGE] Paso 18
Clusters actuales:
N	Q	R	HW	BFPV	ACDEGIJKLMOSTUX
Matriz de distancias:
∞	35.57	64.64	27.66	20.58	34.30	35.40
35.57	∞	46.12	47.50	30.16	41.40	26.92
64.64	46.12	∞	65.12	55.25	61.28	32.33
27.66	47.50	65.12	∞	28.89	34.03	39.68
20.58	30.16	55.25	28.89	∞	20.20	26.30
34.30	41.40	61.28	34.03	20.20	∞	35.15
35.40	26.92	32.33	39.68	26.30	35.15	∞
Se unieron: C38 + C39 con distancia: 20.20

[Método: AVERAGE] Paso 19
Clusters actuales:
Q	R	HW	BFPV	ACDEGIJKLMNOSTUX
Matriz de distancias:
∞	35.57	64.64	27.66	35.40	25.15
35.57	∞	46.12	47.50	26.92	33.91
64.64	46.12	∞	65.12	32.33	57.26
27.66	47.50	65.12	∞	39.68	30.60
35.40	26.92	32.33	39.68	∞	29.25
25.15	33.91	57.26	30.60	29.25	∞
Se unieron: N + C41 con distancia: 25.15

[Método: AVERAGE] Paso 20
Clusters actuales:
R	HW	ACDEGIJKLMNOSTUX	BFPQV
Matriz de distancias:
∞	46.12	47.50	26.92	34.01
46.12	∞	65.12	32.33	57.72
47.50	65.12	∞	39.68	30.42
26.92	32.33	39.68	∞	29.63
34.01	57.72	30.42	29.63	∞
Se unieron: Q + C40 con distancia: 26.92

[Método: AVERAGE] Paso 21
Clusters actuales:
R	BFPQV	ACDEGHIJKLMNOSTUWX
Matriz de distancias:
∞	65.12	57.72	35.09
65.12	∞	30.42	41.24
57.72	30.42	∞	30.51
35.09	41.24	30.51	∞
Se unieron: C29 + C42 con distancia: 30.42

[Método: AVERAGE] Paso 22
Clusters actuales:
R	ABCDEFGHIJKLMNOPQSTUVWX
Matriz de distancias:
∞	35.09	58.54
35.09	∞	31.70
58.54	31.70	∞
Se unieron: C43 + C44 con distancia: 31.70

[Método: AVERAGE] Paso 23
Clusters actuales:
ABCDEFGHIJKLMNOPQRSTUVWX
Matriz de distancias:
∞	53.45
53.45	∞
Se unieron: R + C45 con distancia: 53.45
